0            0
0.0100203    2.9782679839534931
0.0200137    3.2691348462902385
0.0300071    3.5735512477568281
0.0400004    3.8915171883532604
0.0500207    4.2239445508561557
0.0600141    4.5690460913810877
0.0700075    4.9276971710358639
0.0800008    5.2998977898204833
0.0900212    5.6867060156279754
0.100015    6.0860422343410949
0.110008    6.4989279921840577
0.120001    6.9253632891568646
0.130022    7.3665523782689526
0.140015    7.8201232751702596
0.150008    8.287243711201409
0.160002    8.5563589389030312
0.170022    8.8324113595564189
0.180015    8.265543061298473
0.190009    8.7455921680896349
0.200002    7.3822166255368442
0.210022    7.30001719571829
0.220016    6.3683756919373282
0.230009    6.4222366774524167
0.240003    6.2946871724823215
0.250023    6.5317730397758762
0.260016    6.3368059282107678
0.27001    6.6410921201182669
0.280003    6.1507972593356346
0.290023    6.2643230133069672
0.300017    6.5981500880706196
0.31001    5.9950209181608747
0.320003    6.4038147000109324
0.330024    6.2391480158834716
0.340017    6.6571102856915232
0.35001    7.0886220946294189
0.360004    5.8669335967534142
0.370024    6.2735533020543661
0.380017    5.7972825652138411
0.390011    5.8486770091284086
0.400004    6.253564521501195
0.410025    5.9532289019674813
0.420018    5.8304488709974382
0.430011    5.8819897953518829
0.440005    5.7610153944122535
0.450025    6.1497293809165301
0.460018    6.0390637755455758
0.470012    6.4503791016295544
0.480005    6.364273136444516
0.490025    6.7872668245455472
0.500019    6.0729136567152668
0.510012    5.9415532147999661
0.520006    6.0020468769011721
0.530026    5.8493399803050323
0.540019    6.1068581398357136
0.550013    6.1596039839375392
0.560006    5.8604868466805637
0.570026    5.7541032130946563
0.58002    6.155296711705093
0.590013    6.0172753475223457
0.600006    5.2954021988719333
0.610027    4.2312268126875905
0.62002    2.2831036302989682
0.630013    2.2263913428079434
0.640007    1.0979827046307624
0.65    0.89895188098111323
0.66002    0.96859591647509613
0.670014    1.1192018889529425
0.680007    0.76500959945077684
0.690001    0.73664914628937206
0.700021    0.72142498716548831
0.710014    0.76048855300539697
0.720008    0.76463054230873928
0.730001    0.78232207074190763
0.740021    0.81366565608916741
0.750015    0.85849278445080179
0.760008    0.59093151400274846
0.770001    0.57574449548226247
0.780022    0.67069411551393843
0.790015    0.48600847761983534
0.800008    0.38332267982563867
0.810002    0.4319420242460254
0.820022    0.43900635646968117
0.830016    0.48064269727343317
0.840009    0.19051523587901656
0.850002    0.23732730731365245
0.860023    0.26441618443140841
0.870016    0.31382590699067098
0.880009    0.29139618971570569
0.890003    0.30923444576192555
0.900023    0.31267096658902005
0.910016    0.31499550683439198
0.92001    0.17679717524110947
0.930003    0.18948118224516369
0.940023    0.24285590683255601
0.950017    0.25583184133337145
0.96001    0.22156441043771005
0.970004    0.26076040519878657
0.980024    0.32941911816262665
0.990017    0.18115183044440908
1.00001    0.1252050805331815
1.01    2.6216822763590972
1.02002    2.4175740920133113
1.03002    2.2043516836502337
1.04001    1.9970496586097748
1.05    1.8211186340558496
1.06002    1.7671182660381892
1.07002    1.7435988279408654
1.08001    1.6687411202509073
1.09    1.6045064207466091
1.10003    1.8361944248576583
1.11002    1.7960332123264664
1.12001    1.8079313200130529
1.13001    1.7572057666825924
1.14003    1.7771519877637825
1.15002    1.9871548206665679
1.16001    1.9016628881920727
1.17001    1.7467278760881519
1.18003    2.0028499174302001
1.19002    1.6590837580730842
1.20001    1.5565646938853475
1.21001    1.5287896114319419
1.22003    2.1277610490630599
1.23002    2.1338927904130305
1.24001    1.7697816255353007
1.25001    1.6056331004854822
1.26003    1.5694343188456328
1.27002    1.6129791200545613
1.28001    1.5667022046461774
1.29001    2.0226753386491225
1.3    1.5865898151173459
1.31002    1.877444138176068
1.32001    1.7759983547126237
1.33001    1.6355480866427716
1.34    1.7070643945814497
1.35002    1.6295315420603029
1.36001    1.5395086909916247
1.37001    1.4964889724437249
1.38    1.440722400070916
1.39002    1.6361576492682324
1.40001    2.4643835796801645
1.41001    1.9018899897439328
1.42    1.6827751857982531
1.43002    1.417755335774932
1.44002    2.4219021114977202
1.45001    2.2911563240015131
1.46    2.0267260833747094
1.47002    1.8361982716300873
1.48002    1.6757232367554014
1.49001    1.6984539268466909
1.5    1.7022901678233064
1.51002    1.6818490883210822
1.52002    2.2573746786486688
1.53001    1.5863151713464771
1.54    1.7183676626327558
1.55002    1.8213173408846817
1.56002    1.7013528866115484
1.57001    1.8430226919694395
1.58    2.0358604447543542
1.59002    2.242822346702281
1.60002    2.4627956994156501
1.61001    2.6963185912588399
1.62    2.9433910222318498
1.63002    3.2047337874842823
1.64002    3.4789418183858269
1.65001    3.7666993884173632
1.66    4.0680064975787431
1.67002    4.3837301261359789
1.68002    4.7121728352258598
1.69001    8.0288150277252353
1.7    5.4097068707951497
1.71002    5.1970952511903059
1.72002    5.2321524205841943
1.73001    5.5920163140876067
1.74    5.5804837138489489
1.75003    8.3954359088977082
1.76002    6.3224111394806046
1.77001    6.7199988980273941
1.78001    6.2099340616997241
1.79003    5.394599697839217
1.80002    5.5417759844578516
1.81001    5.886590820803935
1.82001    6.2687942069572662
1.83003    6.684238269578616
1.84002    5.8938240827273995
1.85001    6.2745695080081596
1.86001    5.7708553391495059
1.87003    5.8531846908441274
1.88002    5.912179868227244
1.89001    6.2843807180583999
1.90001    6.6701311070193992
1.91    7.0694310351102407
1.92002    6.4826247568861515
1.93001    6.6561670069032628
1.94001    7.0534144600867981
1.95    7.4337823565029533
1.96002    6.650475144078337
1.97001    4.2280280105578871
1.98001    4.1857262464512859
1.99    5.645289746633587
2.00002    4.2040083647567075
2.01001    2.971531830662546
2.02001    3.2171613562957324
2.03    3.4894558007033658
2.04002    3.7804680547572933
2.05002    4.0842658177699498
2.06001    4.4016131199124491
2.07    4.7325099611847925
2.08002    4.7102519883946874
2.09002    5.0556710971570071
2.10001    4.4743118431752222
2.11    3.7787081594727905
2.12002    3.6721474625218136
2.13002    2.6781984592785757
2.14001    2.5926091694858537
2.15    2.6768573093836467
2.16002    1.8848123132095245
2.17002    2.0328344948825254
2.18001    1.7482915878237135
2.19    2.9544808696880493
2.20002    2.3192856106764981
2.21002    2.0828434639140236
2.22001    2.7938225384348776
2.23    2.0855043201617263
2.24002    2.3172649133588488
2.25002    2.5619702941728946
2.26001    2.1881473956329733
2.27    1.9482944086679319
2.28002    3.7384062443799202
2.29002    2.9439323268298514
2.30001    2.6824936486631632
2.31    2.4346045096262956
2.32002    2.1996515766477995
2.33002    2.6537119418928059
2.34001    1.9198613524441295
2.35    2.191317231559907
2.36003    1.6565760425929918
2.37002    2.0981655172045524
2.38001    1.9373114932527256
2.39001    2.2654908029139706
2.40003    1.9878754484211518
2.41002    2.193918569502237
2.42001    2.4135112297131425
2.43001    2.6124133990303764
2.44003    2.8577038263259125
2.45002    3.1159026707166024
2.46001    3.387651054237149
2.47001    3.672948976887727
2.48003    3.9726202674880393
2.49002    3.8005960871768951
2.50001    4.1059857199620069
2.51001    4.4249248918769624
2.52003    3.01043732175502
2.53002    3.2881543920766894
2.54001    3.5794210015282943
2.55001    3.3214741269682846
2.56    3.6174567417480223
2.57002    3.2537496995149824
2.58001    3.5454600675506995
2.59001    3.850719974716259
2.6    4.0629390648674484
2.61002    4.350224485034496
2.62001    4.484836260887989
2.63001    4.8168638842212212
2.64    4.0816662013824692
2.65002    3.9319816956300078
2.66001    2.6628349079550766
2.67001    2.7148620258056679
2.68    2.9688881783891086
2.69002    3.2376524985035373
2.70002    3.5218511477452261
2.71001    3.8195993361167577
2.72    4.130897063618133
2.73002    4.456638239405768
2.74002    4.4693612591747822
2.75001    4.4108548385237203
2.76    4.7437329583713543
2.77002    5.0911126946786887
2.78002    5.451126414454821
2.79001    5.4649818621220865
2.8    5.6780081998719094
2.81002    5.8174728424671693
2.82002    5.0174623072375022
2.83001    3.350210422427216
2.84    3.6324574699550158
2.85002    3.929069662049486
2.86002    4.2059222319868779
2.87001    4.5173114723670809
2.88    4.8437005597235823
2.89002    4.6089815039893161
2.90002    4.6179773721400652
2.91001    4.9417742413995924
2.92    5.2791206497889629
2.93002    5.6309807185424576
2.94002    4.419813607311144
2.95001    3.9416287379502779
2.96    3.1130520351744453
2.97002    3.375975702093847
2.98002    3.6517603849267255
2.99001    3.9410946068895703
3    4.1884160389178167
3.01003    4.5031003224562305
3.02002    4.8305064804655116
3.03001    5.1714621776046359
3.04001    5.322552529011741
3.05003    5.6821729727239614
3.06002    5.9583377341166868
3.07001    5.2653870245492094
3.08001    3.8879048614095066
3.09003    4.0099156075697451
3.10002    3.1486140615087521
3.11001    2.2506989539354025
3.12001    2.4498828394994501
3.13003    2.3696425198948794
3.14002    2.4539012950707426
3.15001    2.576209618194274
3.16001    2.84957211610313
3.17003    2.3356461976060028
3.18002    2.720127866088982
3.19001    1.8414799159909037
3.20001    2.2377995621386821
3.21    2.2067283904982853
3.22002    2.4261769977063676
3.23001    2.6586034892679029
3.24001    4.6038832864851864
3.25    4.2677900350962563
3.26002    3.9443952428321563
3.27001    3.7820381227512145
3.28001    3.4858007665766135
3.29    3.7673620953587705
3.30002    3.4989899294998144
3.31001    2.6465046094973479
3.32001    2.316195797519589
3.33    3.6994823982326008
3.34002    2.9169336272139437
3.35002    2.0626322051172337
3.36001    5.0322674276954498
3.37    2.9205466339750128
3.38002    2.884307444640549
3.39002    2.8521040813160079
3.40001    2.3298583444237315
3.41    2.5742374541807727
3.42002    2.3318897058744956
3.43002    2.5569040782765589
3.44001    2.7954679898084418
3.45    3.0475814404701458
3.46002    3.2612658009997295
3.47002    3.4927956647429266
3.48001    2.4078138583078386
3.49    2.7920296104155478
3.50002    2.5139581109255369
3.51002    2.7602612013143224
3.52001    3.0201138308329281
3.53    3.2935159994814205
3.54002    3.5812594720528499
3.55002    3.8817972406300032
3.56001    5.1951163175149437
3.57    4.5235213951738409
3.58002    4.7735593055057759
3.59002    4.8658073722616786
3.60001    5.2143435513613827
3.61    5.5764292695909292
3.62002    4.7433859654875539
3.63002    5.0921862806979092
3.64001    4.4975442638982557
3.65001    4.4950668367895306
3.66003    3.6609658760432584
3.67002    3.7007552882971764
3.68001    4.0105732570436787
3.69001    3.5213834832582789
3.70003    3.6674131270070021
3.71002    3.4738111221789727
3.72001    3.3149510316788913
3.73001    3.6064299295881797
3.74003    3.9122988557578742
3.75002    4.1596865694230187
3.76001    3.8053182710416724
3.77001    2.9623145334052183
3.78003    3.2228852257103568
3.79002    3.4963232591295048
3.80001    3.7833108316786586
3.81001    4.0838479433576547
3.82    4.3979345941664949
3.83002    4.7264722105750918
3.84001    5.0676944613124322
3.85001    5.4224662511796158
3.86    4.7158654565053162
3.87002    4.7862276073746601
3.88001    3.9057912281174678
3.89001    3.6884828828712313
3.9    3.058273955623962
3.91002    3.2920448891103602
3.92001    3.5813199650423955
3.93001    3.884144580104274
3.94    4.2005187342959962
3.95002    4.5313500198647887
3.96002    3.0962319063822359
3.97001    3.3755583414750188
3.98    3.1913188148680889
3.99002    3.4585252977064527
4.00002    3.8198875266437464
4.01001    3.6995385757686003
4.02    3.4953442294752715
4.03002    3.7304619662048468
4.04002    3.6987111427453128
4.05001    3.8068074901982678
4.06    4.1127696658280977
4.07002    4.0925997173273583
4.08002    3.5017800078208823
4.09001    3.7843727915977174
4.1    7.4283247313373844
4.11002    5.0907755580215195
4.12002    4.4262185141035904
4.13001    4.0579524161513527
4.14    4.2158785415051145
4.15002    4.0332422874144784
4.16002    3.7204249236707048
4.17001    3.8321650667864029
4.18    4.0748622483355135
4.19002    3.3791197765569656
4.20002    3.6480066613153359
4.21001    3.5264101816117432
4.22    3.8116594853277381
4.23002    4.111282025945127
4.24002    4.423666929589622
4.25001    4.5233296238133329
4.26    4.6386909346368048
4.27003    4.3089647338015444
4.28002    4.6440637993019944
4.29001    4.9927124039322868
4.30001    5.3549105476924233
4.31003    4.6492089311074665
4.32002    3.3802237179100585
4.33001    4.0073997189897312
4.34001    3.8233844785958211
4.35003    3.868843212980051
4.36002    4.0241645370042045
4.37001    3.3628806427475721
4.38001    3.6346866211364932
4.39003    3.3788458220363728
4.40002    3.6639094491289006
4.41001    3.9625226153512716
4.42001    4.2746853207034867
4.43003    2.1147875459958554
4.44002    2.042177093777962
4.45001    2.3141653912381464
4.46001    1.9529645955848522
4.47    2.6947377967297985
4.48002    3.1725692474761793
4.49001    2.7035619520519139
4.50001    3.7754327629868243
4.51    3.4897872798196206
4.52002    2.8480424150818808
4.53001    3.1181279948307994
4.54001    3.4017631137097752
4.55    2.8853538695265728
4.56002    4.1477516396977299
4.57001    3.4457875369757636
4.58001    3.7459697977885318
4.59    4.0597015977311424
4.60002    3.3924588761341274
4.61002    3.1141889956507365
4.62001    3.3821120580648314
4.63    3.6635846596089583
4.64002    2.6615028722904475
4.65002    2.4602115652643257
4.66001    2.5704924143412362
4.67    2.602005279465478
4.68002    3.2561516822985856
4.69002    3.1234364582280265
4.70001    3.4041437213252022
4.71    3.6984005235522637
4.72002    3.267050324887522
4.73002    3.3023138099312228
4.74001    2.5679771533546871
4.75    2.7235966828149571
4.76002    2.5372037538679701
4.77002    3.4046177578745311
4.78001    2.834404582223025
4.79    2.6070540761912988
4.80002    2.6407692579888171
4.81002    4.0628603089681388
4.82001    6.1387702641741404
4.83    5.3021250694214253
4.84002    4.8990439709047555
4.85002    4.1967356177746886
4.86001    3.9525985253571427
4.87    3.8899719920071165
4.88002    4.192494173738992
4.89002    4.507770923763796
4.90001    4.8365972129184422
4.91    5.1789730412029327
4.92003    5.5358760862394059
4.93002    5.9053875144523955
4.94001    5.2684005034786203
4.95001    5.1698475196752414
4.96003    4.0610168435297815
4.97002    4.0304277937833479
4.98001    4.3219532999551245
4.99001    3.7242192291264011
5.00003    4.0325401763891255
5.01002    4.3536001038653938
5.02001    4.6882095704715052
5.03001    5.0363685762074599
5.04003    5.3979795795335397
5.05002    5.7739145171300539
5.06001    5.4210059789396086
5.07001    6.0224053890390898
5.08    4.8923912738993796
5.09002    5.2404614540043841
5.10001    5.4155560961001799
5.11001    5.3062451098162491
5.12    5.3888307217950482
5.13002    4.2579253037288245
5.14001    3.1634849140839889
5.15001    3.4349092771396927
5.16    3.7198831793254343
5.17002    4.0192295760903853
5.18001    4.3313390782046266
5.19001    4.656998119448712
5.2    4.9962066998226407
5.21002    5.2909087472257923
5.22001    5.6558703105964101
5.23001    6.0262215693108327
5.24    5.9077179957438917
5.25002    6.2961233920125972
5.26002    6.697052487717948
5.27001    7.111531122553143
5.28    5.5264156904615191
5.29002    4.503178594197518
5.30002    4.8455751061257546
5.31001    4.9009076688380198
5.32    7.4224938520794757
5.33002    6.99892377364558
5.34002    6.5900601244190344
5.35001    4.5774381238510076
5.36    4.791730781837896
5.37002    3.9290843048006119
5.38002    4.0907908732393228
5.39001    3.9291036977286056
5.4    4.2475269560519218
5.41002    4.5804128689440367
5.42002    4.5247423564977955
5.43001    4.8280625440039824
5.44    5.1776810060837102
5.45002    4.3926117966491072
5.46002    4.0710507883127542
5.47001    4.3966826548636275
5.48    2.6891331752455896
5.49002    2.7916986367573955
5.50002    2.7370991321177587
5.51001    2.1023704719482321
5.52    2.2167133155361007
5.53002    2.5276181949319256
5.54002    2.59236104757737
5.55001    3.601405061967403
5.56001    3.3864090085822522
5.57003    3.1844378218636975
5.58002    2.9965773684070007
5.59001    2.8222664540801246
5.60001    2.661505078883069
5.61003    2.51391475546902
5.62002    3.9605055786368997
5.63001    3.7834197211418799
5.64001    3.211141755358855
5.65003    6.1841508447795608
5.66002    4.8284817415303802
5.67001    3.8027571599908145
5.68001    4.1155147644588945
5.69003    3.5550870484484647
5.70002    3.8462629678363824
5.71001    7.254981657961312
5.72001    6.9638203651435733
5.73    6.6862086114557728
5.74002    3.6539940937285804
5.75001    3.9557132122182748
5.76001    3.6475659020786648
5.77    3.9550450959124475
5.78002    3.4056755787955133
5.79001    3.4920949791902629
5.80001    3.6722859445282467
5.81    3.3046915428261738
5.82002    2.5933301556261918
5.83001    2.8657913414173946
5.84001    2.9512920807871694
5.85    3.2285262685226015
5.86002    3.5201120890733266
5.87002    3.8244818767373587
5.88001    4.142401203531235
5.89    3.5836824018467102
5.90002    3.8902655432450963
5.91002    4.209592336378166
5.92001    4.1958906976606132
5.93    4.4670074547813883
5.94002    4.7524593556862484
5.95002    5.0507117127357217
5.96001    5.3625136089150383
5.97    5.687865044224198
5.98002    6.0276978084336559
5.99002    6.3801848436713149
6.00001    4.8394508475902072
6.01    6.6063507955997913
6.02002    5.1936270062992014
6.03002    9.0852977208868371
6.04001    5.9613004145658239
6.05    6.3654614273939005
6.06002    5.3646116421916865
6.07002    4.6241692047376404
6.08001    4.7782495238803522
6.09    4.9458793821528833
6.10002    5.1275654437811173
6.11002    5.3223309019821041
6.12001    2.7013841508806444
6.13    2.8595588156940042
6.14002    3.2381894137393621
6.15002    3.4577017989418626
6.16001    3.2489194525454903
6.17    3.2630008487577333
6.18003    3.4678223812187325
6.19002    3.6172741863238254
6.20001    3.832038103179606
6.21001    4.1538312139457103
6.22003    4.0694702571207975
6.23002    4.3880154755436829
6.24001    4.7201102330964133
6.25001    5.0657545297789861
6.26003    5.4259348531014071
6.27002    5.7987147497124818
6.28001    7.1328677609066835
6.29001    6.2082771655681963
6.30003    6.6067775366700658
6.31002    7.0184265525174849
6.32001    3.0262163258712396
6.33001    2.8782384780411423
6.34003    2.7073974522269362
6.35002    2.137457002655057
6.36001    2.2541087082030034
6.37001    2.4996504279782195
6.38    4.14929738303241
6.39002    4.2099314790062685
6.40001    3.6844033749357652
6.41001    3.0124439607912343
6.42    3.2875959277284754
6.43002    3.5770939150260612
6.44001    3.8793814818919365
6.45001    4.1952185878876547
6.46    4.1035862771005744
6.47002    4.3822423161845139
6.48001    4.717068465991348
6.49001    4.5477427994108277
6.5    4.4351037815882632
6.51002    4.1461825494146751
6.52002    3.8644716014872169
6.53001    3.320098681000351
6.54    2.2086861647652332
6.55002    2.8128818627233478
6.56002    2.6182068561508034
6.57001    3.150837893213728
6.58    3.0486118307598242
6.59002    2.9536403027318059
6.60002    3.2318519001930923
6.61001    3.5236130367843055
6.62    2.9006644852850823
6.63002    3.0853001458632963
6.64002    3.2592547958600884
6.65001    3.5555319250212976
6.66    3.2333084387286304
6.67002    3.5037872804841816
6.68002    3.7871068285435685
6.69001    4.0839759157327995
6.7    3.8273957500815134
6.71002    3.8752856762072398
6.72002    2.5161554169470741
6.73001    2.2356262529523292
6.74    4.2285338718612548
6.75002    1.9215833952499148
6.76002    6.3035547491666986
6.77001    4.9656382257988962
6.78    4.7416401751431092
6.79002    4.5266013084650796
6.80002    3.0002206836269103
6.81001    3.2662631339511363
6.82001    3.5458551234053601
6.83003    3.8398051009355347
6.84002    2.769214903553634
6.85001    2.6337833885270565
6.86001    2.4314168779111864
6.87003    2.6583110354398762
6.88002    2.4749795016445031
6.89001    2.7749972124623499
6.90001    2.6095708619398623
6.91003    5.2042124397246488
6.92002    4.2464605521490046
6.93001    4.235216178818658
6.94001    3.7858398129410404
6.95003    3.8155073226360683
6.96002    3.9005656572822605
6.97001    4.2256471070392241
6.98001    3.043459385589057
6.99    3.2927644153967455
7.00002    3.5563457972704717
7.01001    3.6591710471128431
7.02001    9.3076287644420237
7.03    8.0473830191259665
7.04002    4.5811273361417397
7.05001    4.9701987039059254
7.06001    4.5127796891274459
7.07    4.8489966223654513
7.08002    5.199724171560165
7.09001    5.5630767047266696
7.10001    5.9399787770230184
7.11    6.3304303884492104
7.12002    6.7355388009485218
7.13002    4.7621153397969715
7.14001    4.9841282343455955
7.15    5.3571039947348273
7.16002    5.1537732906337981
7.17002    4.4619538227255626
7.18001    4.6311360602514888
7.19    4.3739319029119148
7.20002    2.6343599223417038
7.21002    5.0995669521357989
7.22001    2.7365349152866365
7.23    3.118118385065368
7.24002    2.7455533074371488
7.25002    2.6407508282574148
7.26001    3.0724649943296205
7.27    3.1759112342225668
7.28002    3.4646100788975964
7.29002    3.7661006513737707
7.30001    4.117133953761634
7.31    4.4413294790659608
7.32002    4.7800032176101954
7.33002    5.1313343428430223
7.34001    4.4470344086285749
7.35    4.7571359202230097
7.36002    4.5026910082638896
7.37002    4.8856329150149911
7.38001    4.1542224430171997
7.39    4.4171815434714166
7.40002    6.6887593002547838
7.41002    6.1419769921345697
7.42001    5.802703919059975
7.43    4.5880620378875054
7.44003    3.4361810119538987
7.45002    2.68590071213556
7.46001    2.2343325295290812
7.47001    2.2604524529157644
7.48003    2.4865887811473288
7.49002    2.7256850159876596
7.50001    5.75103767639105
7.51001    5.5191042998388209
7.52003    5.4778828668663779
7.53002    5.4503400441618561
7.54001    5.4363467605871616
7.55001    4.445684651069624
7.56003    4.7805827059105299
7.57002    5.1281482971274039
7.58001    5.4892634274741212
7.59001    6.6001057690765972
7.60003    4.9810516264224729
7.61002    5.3354930951693911
7.62001    5.7034841030461543
7.63001    4.8455203436837593
7.64    4.6816016250979926
7.65002    4.4393554046599544
7.66001    4.7769340394417608
7.67001    5.1280622133534095
7.68    3.7491815904271566
7.69002    2.2899810931364715
7.70001    6.0024295050654874
7.71001    5.6510033108170621
7.72    5.3131266556984791
7.73002    4.6936869503430581
7.74001    3.8596576595019316
7.75001    3.8141100219533377
7.76    4.1229197897382388
7.77002    4.4461662997185192
7.78002    3.9587294076133053
7.79001    4.2866606945603811
7.8    4.6281415206372998
7.81002    4.9841471510613298
7.82002    4.7788282456806073
7.83001    5.1378383949674031
7.84    5.5103980833840414
7.85002    3.4805201267612258
7.86002    3.4585241626457237
7.87001    3.3736750935629898
7.88    3.8626029515358171
7.89002    3.7484603585431011
7.90002    10.355107007338265
7.91001    5.3239677018325846
7.92    5.1272517381911777
7.93002    4.943609913695461
7.94002    4.1940588822505234
7.95001    4.1213000057068125
7.96    3.7440054530543962
7.97002    4.0596290456503246
7.98002    9.6278340103876783
7.99001    9.3048112870641617
8    5.4012111175172155