TIME     E2.5     E4       E7
0        0        0        0
0.0100203        0.13542775909239721        0.55143367949621325        2.9782679839534931
0.0200137        0.14866624354279129        0.60550177741291766        3.2691348462902385
0.0300071        0.1625219628296396        0.66209806921973868        3.5735512477568281
0.0400004        0.17699491695294214        0.72122255491667631        3.8915171883532604
0.0500207        0.19212661437154219        0.78304483068648378        4.2239445508561557
0.0600141        0.20783570187351183        0.84723251870244176        4.5690460913810877
0.0700075        0.22416202421193571        0.91394840060851623        4.9276971710358639
0.0800008        0.24110558138681379        0.98319247640470731        5.2998977898204833
0.0900212        0.25871454116440606        1.0551616187969468        5.6867060156279754
0.100015        0.2768942317179513        1.1294688969121585        6.0860422343410949
0.110008        0.29569115710795074        1.2063043689174864        6.4989279921840577
0.120001        0.31510531733440439        1.285668034812931        6.9253632891568646
0.130022        0.33519153947098884        1.3677840438276025        7.3665523782689526
0.140015        0.35584183307610967        1.4522109120420676        7.8201232751702596
0.150008        0.37670237429335168        1.5391659741466492        8.287243711201409
0.160002        0.45923163048569587        1.6286492301413473        8.5563589389030312
0.170022        0.79574569858876498        1.6908721632313617        8.8324113595564189
0.180015        1.6451804375307233        4.3575668983272529        8.265543061298473
0.190009        2.2600570036736269        1.6953612927627328        8.7455921680896349
0.200002        2.423149397467911        3.8982910868327756        7.3822166255368442
0.210022        4.6430467479647328        1.9869813075095752        7.30001719571829
0.220016        3.1056476328924432        2.0719279575564231        6.3683756919373282
0.230009        3.0816614750676616        2.0198086329926594        6.4222366774524167
0.240003        1.5321693213590502        2.2353503697608734        6.2946871724823215
0.250023        1.8604638514041085        2.39245488745913        6.5317730397758762
0.260016        1.7139804535813323        2.3683508089006162        6.3368059282107678
0.27001        1.5687085678807537        2.1859433170412608        6.6410921201182669
0.280003        1.3436329430635365        1.7555017349278725        6.1507972593356346
0.290023        1.1619369419794918        1.5397935891848664        6.2643230133069672
0.300017        1.19782744433507        1.8348374169995529        6.5981500880706196
0.31001        1.5019364103775543        2.4880222734190922        5.9950209181608747
0.320003        1.7382261130770218        2.6231947078980431        6.4038147000109324
0.330024        1.2862416259708804        1.9121964745841995        6.2391480158834716
0.340017        0.85714197390020908        1.3967235574401347        6.6571102856915232
0.35001        0.98268692406163016        1.4568340446861321        7.0886220946294189
0.360004        1.1762240559495181        2.0769359337651765        5.8669335967534142
0.370024        1.0534290987032211        1.5799473639710855        6.2735533020543661
0.380017        1.0123115020272446        1.6816211724919601        5.7972825652138411
0.390011        1.4603500889040881        1.6693131086594069        5.8486770091284086
0.400004        1.6307013291573309        1.4044707156425917        6.253564521501195
0.410025        0.7056408916989676        1.3134165030846146        5.9532289019674813
0.420018        0.83558349370521656        1.320550634029741        5.8304488709974382
0.430011        0.94295996184666242        1.5977075062289638        5.8819897953518829
0.440005        0.97705483168157681        1.3396858891886509        5.7610153944122535
0.450025        1.3442135116977985        1.8003363278112714        6.1497293809165301
0.460018        1.555603964755776        1.4219930251528823        6.0390637755455758
0.470012        1.4142141160786568        1.474753646627923        6.4503791016295544
0.480005        0.93598230791671899        1.3887102087899768        6.364273136444516
0.490025        1.0552208012841391        2.8360004968078174        6.7872668245455472
0.500019        0.87510902016745518        3.0054187672690711        6.0729136567152668
0.510012        0.6825070234381575        2.2863782921590445        5.9415532147999661
0.520006        1.0104405287298643        2.3753117889600959        6.0020468769011721
0.530026        0.68750750747970402        1.9843181465531317        5.8493399803050323
0.540019        0.73603661103689633        2.2761074307563081        6.1068581398357136
0.550013        0.83086606137694408        1.2124169107318294        6.1596039839375392
0.560006        0.95998788189046158        1.892997315904184        5.8604868466805637
0.570026        0.73727998215232193        1.1849278007175741        5.7541032130946563
0.58002        0.69731362255532225        1.2635963836567063        6.155296711705093
0.590013        0.68512791438005616        1.6992665236826752        6.0172753475223457
0.600006        1.0774528624160933        1.2096748955055483        5.2954021988719333
0.610027        1.0767015203551549        1.2438525361602173        4.2312268126875905
0.62002        0.66032779164007371        0.90840652680155476        2.2831036302989682
0.630013        0.30754738678429522        0.78201917361218032        2.2263913428079434
0.640007        0.24042539311885217        0.69173734986900925        1.0979827046307624
0.65        0.29102365316817613        0.73965482232173307        0.89895188098111323
0.66002        0.28481110711206076        0.67884497421431889        0.96859591647509613
0.670014        0.27923332813790147        0.22765456771567336        1.1192018889529425
0.680007        0.27427278400019589        0.23681615150008692        0.76500959945077684
0.690001        0.26992947469894402        0.26030315974980139        0.73664914628937206
0.700021        0.26619419100181785        0.29772221904625595        0.72142498716548831
0.710014        0.25927244370138036        0.33757229063313998        0.76048855300539697
0.720008        0.27121126791368888        0.22473085520951419        0.76463054230873928
0.730001        0.28376732696245549        0.19423133656902528        0.78232207074190763
0.740021        0.29697696247344035        0.16646318980829758        0.81366565608916741
0.750015        0.3107691549008797        0.18091836874483955        0.85849278445080179
0.760008        0.3251785821647733        0.18931733212105245        0.59093151400274846
0.770001        0.34020524426512117        0.21825027386879831        0.57574449548226247
0.780022        0.21088843686462011        0.24979962686474896        0.67069411551393843
0.790015        0.21277157080474809        0.27091653268774024        0.48600847761983534
0.800008        0.21527193958132956        0.18567222145302056        0.38332267982563867
0.810002        0.23807196559763105        0.21401716342724608        0.4319420242460254
0.820022        0.25540209503739258        0.24497693174462648        0.43900635646968117
0.830016        0.21007309094578111        0.1570786601265069        0.48064269727343317
0.840009        0.20753901318791809        0.16621034711531313        0.19051523587901656
0.850002        0.21735057621870604        0.14241039823969387        0.23732730731365245
0.860023        0.22780831814831473        0.16016258623894261        0.26441618443140841
0.870016        0.20533634195167882        0.18185402204027518        0.31382590699067098
0.880009        0.2130294188147091        0.16273015005474897        0.29139618971570569
0.890003        0.22133973051419259        0.17812753625850422        0.30923444576192555
0.900023        0.23029217461295148        0.1961048497332589        0.31267096658902005
0.910016        0.18295403853847192        0.21656543825603036        0.31499550683439198
0.92001        0.19566037468660377        0.23955422066891621        0.17679717524110947
0.930003        0.17636786063834869        0.26507119697191212        0.18948118224516369
0.940023        0.18956091404791928        0.2931953770690775        0.24285590683255601
0.950017        0.20333656894948596        0.32377555569107913        0.25583184133337145
0.96001        0.20549851156943463        0.21091086748404247        0.22156441043771005
0.970004        0.17855678951352041        0.22120987038671003        0.26076040519878657
0.980024        0.14173924346206659        0.25404776741791291        0.32941911816262665
0.990017        0.14978670654892234        0.28932899169187132        0.18115183044440908
1.00001        0.1625726103037381        0.32713840985594195        0.1252050805331815
1.01        0.23825910657358071        0.76059104345726858        2.6216822763590972
1.02002        0.24586355351897726        0.71751203278852593        2.4175740920133113
1.03002        0.36117196182043526        0.67708042707140947        2.2043516836502337
1.04001        0.29679298948088112        0.63917701524440529        1.9970496586097748
1.05        0.28494526508329576        0.60380179730751338        1.8211186340558496
1.06002        0.27368533875588319        0.57086965326118577        1.7671182660381892
1.07002        0.26307374773696279        0.54055763764330589        1.7435988279408654
1.08001        0.2530793915544956        0.46664849189696006        1.6687411202509073
1.09        0.24370227020848165        0.42362197273622759        1.6045064207466091
1.10003        0.22480355838114729        0.41213790808535122        1.8361944248576583
1.11002        0.24104212007303341        0.44462500535042604        1.7960332123264664
1.12001        0.24648781486973589        0.43781539961476185        1.8079313200130529
1.13001        0.26408270424115315        0.40297310862149366        1.7572057666825924
1.14003        0.28234475182767416        0.56356147700973847        1.7771519877637825
1.15002        0.30117577457775857        0.44297079810082696        1.9871548206665679
1.16001        0.32062403216429713        0.46376679820564964        1.9016628881920727
1.17001        0.29385414286934214        0.46366452756140569        1.7467278760881519
1.18003        0.30152602232258613        0.42658268925544718        2.0028499174302001
1.19002        0.30979534513329904        0.51478494424123966        1.6590837580730842
1.20001        0.3186819027804651        0.45898423556553841        1.5565646938853475
1.21001        0.32818569526408448        0.44848106132661375        1.5287896114319419
1.22003        0.26678646702553593        0.39439291726515674        2.1277610490630599
1.23002        0.23074611546660326        0.47520669272203958        2.1338927904130305
1.24001        0.28088047229642743        0.62389896051722427        1.7697816255353007
1.25001        0.2855108553817074        0.62390884172301098        1.6056331004854822
1.26003        0.2347391234322285        0.43258589786294199        1.5694343188456328
1.27002        0.25228590115474914        0.38237734096316722        1.6129791200545613
1.28001        0.20935643308906177        0.40849389118983848        1.5667022046461774
1.29001        0.200196880493166        0.35734196956418868        2.0226753386491225
1.3        0.20827447818272798        0.56847463599411741        1.5865898151173459
1.31002        0.20737930408563401        0.51739365113289382        1.877444138176068
1.32001        0.2152384816653517        0.46898158190662065        1.7759983547126237
1.33001        0.22502027427154156        0.42309770657045975        1.6355480866427716
1.34        0.23541930171418463        0.41215786660635018        1.7070643945814497
1.35002        0.24646609151767496        0.57758083903910884        1.6295315420603029
1.36001        0.25810125233898307        0.38037585558777737        1.5395086909916247
1.37001        0.32737303078355279        0.48934619099652316        1.4964889724437249
1.38        0.28322327849096929        0.39310453245410948        1.440722400070916
1.39002        0.29674733065345976        0.48878946899171533        1.6361576492682324
1.40001        0.26666076342677542        0.57480119274129393        2.4643835796801645
1.41001        0.48543183330764594        0.56454659273019114        1.9018899897439328
1.42        0.48876966197791655        0.44879778324598285        1.6827751857982531
1.43002        0.49273622012824697        0.63097336026921957        1.417755335774932
1.44002        0.49731018217718376        0.40689784731766354        2.4219021114977202
1.45001        0.5025013790625743        0.36900850219175108        2.2911563240015131
1.46        0.5083098107844185        0.38753111585077138        2.0267260833747094
1.47002        0.51475363129373697        0.57357623319279627        1.8361982716300873
1.48002        0.28762770243541258        0.43812887564642689        1.6757232367554014
1.49001        0.26002889867743584        0.67254901422273683        1.6984539268466909
1.5        0.24816190669625726        0.5780355098936335        1.7022901678233064
1.51002        0.22096133240520044        0.51893893438530114        1.6818490883210822
1.52002        0.19766974816182986        0.48036222570390469        2.2573746786486688
1.53001        0.34148216509047402        0.52663689701792915        1.5863151713464771
1.54        0.3124183444143474        0.57437573403207776        1.7183676626327558
1.55002        0.30286194624212448        0.47295610623001211        1.8213173408846817
1.56002        0.39589806425902357        0.43392414186664857        1.7013528866115484
1.57001        0.29082753486854834        0.57469423183659607        1.8430226919694395
1.58        0.28633740942199692        0.60679101439893746        2.0358604447543542
1.59002        0.33653699572074963        0.54914804990480626        2.242822346702281
1.60002        0.33988402335621387        0.6040015076495161        2.4627956994156501
1.61001        0.34394073112143886        0.64444715878027914        2.6963185912588399
1.62        0.40244214313063653        0.69588900405320375        2.9433910222318498
1.63002        0.39643174104723439        0.71477457022442825        3.2047337874842823
1.64002        0.76508702489514191        0.77393323458491703        3.4789418183858269
1.65001        0.37690212650314403        0.83562009283552252        3.7666993884173632
1.66        0.38987711565027294        0.85632704115223768        4.0680064975787431
1.67002        0.49322022889430994        0.92061900939141239        4.3837301261359789
1.68002        1.1084568700353286        1.0694576964223148        4.7121728352258598
1.69001        1.136555515615173        1.3109667462849963        8.0288150277252353
1.7        1.1652713960314718        4.9735007714260728        5.4097068707951497
1.71002        1.1946844103799767        3.8719933361775896        5.1970952511903059
1.72002        0.84962332544873109        1.2278778114823155        5.2321524205841943
1.73001        0.81378041891444031        1.2737800621889495        5.5920163140876067
1.74        0.90382297933667843        2.3890171994803047        5.5804837138489489
1.75003        1.4899158851065866        1.3733099165466931        8.3954359088977082
1.76002        1.0866470733250662        2.0381371972850291        6.3224111394806046
1.77001        1.1129698582191763        1.9354982474881492        6.7199988980273941
1.78001        1.2833522933903359        1.4997645209317882        6.2099340616997241
1.79003        1.1304857133855186        1.7597895300357311        5.394599697839217
1.80002        1.1805791466643452        1.721692420665774        5.5417759844578516
1.81001        1.4676882726287721        1.5122735152592111        5.886590820803935
1.82001        1.1311121690256085        2.1210145809160936        6.2687942069572662
1.83003        0.92595414755920968        2.1455093115866677        6.684238269578616
1.84002        1.2707382355006536        2.1552160284726076        5.8938240827273995
1.85001        1.3438909951031544        2.1674509392486625        6.2745695080081596
1.86001        1.3284947058438876        2.5052260592844764        5.7708553391495059
1.87003        1.4690066615177173        2.2572081598177056        5.8531846908441274
1.88002        1.9368294436942939        1.8044898184543303        5.912179868227244
1.89001        1.428565072968917        2.0139695873890333        6.2843807180583999
1.90001        1.2013558352861358        1.6811647453033547        6.6701311070193992
1.91        0.96682000042192495        1.4432054796866371        7.0694310351102407
1.92002        0.75554942360047206        1.4002576081409972        6.4826247568861515
1.93001        0.84602453126814203        1.4784757440653715        6.6561670069032628
1.94001        0.87483893098390653        1.5404434260009523        7.0534144600867981
1.95        0.84438321104164582        1.4063190416481988        7.4337823565029533
1.96002        0.84554103758575516        1.1208782999231857        6.650475144078337
1.97001        0.77068439040501202        1.140316105353377        4.2280280105578871
1.98001        0.88263443476997916        1.5237633848153427        4.1857262464512859
1.99        0.88559254150603584        1.4207758822748        5.645289746633587
2.00002        0.96243155505053701        1.2603785751072405        4.2040083647567075
2.01001        1.240322215790215        1.2456757348323821        2.971531830662546
2.02001        1.2585902406132501        1.2654941035049734        3.2171613562957324
2.03        1.2487040292621379        1.3404129131680629        3.4894558007033658
2.04002        0.82603456665415365        1.4180720852058182        3.7804680547572933
2.05002        0.80239868611606457        1.2206254512421177        4.0842658177699498
2.06001        0.83825569901166186        1.4213687599608882        4.4016131199124491
2.07        0.85511510000025426        1.3144498760034127        4.7325099611847925
2.08002        0.87263967675547927        1.9855686015128367        4.7102519883946874
2.09002        0.79614500212564154        1.4218260712121722        5.0556710971570071
2.10001        0.56658670968824165        1.3767887307406634        4.4743118431752222
2.11        0.58089408513303076        1.4599773036164365        3.7787081594727905
2.12002        0.84314005969793948        1.0617593101201117        3.6721474625218136
2.13002        0.72496295814076561        1.1311283485698742        2.6781984592785757
2.14001        0.62314149509403938        1.1344029846657819        2.5926091694858537
2.15        0.56507307340991786        1.2050687771622168        2.6768573093836467
2.16002        0.61877772774075046        1.2784634683751859        1.8848123132095245
2.17002        0.64643377654380485        1.3042061235349947        2.0328344948825254
2.18001        0.73238640891638018        1.3793248081505045        1.7482915878237135
2.19        0.61959644401247804        1.9098874553026326        2.9544808696880493
2.20002        0.77360135990951873        1.2966438310162651        2.3192856106764981
2.21002        0.47553422022238723        1.1149624053040881        2.0828434639140236
2.22001        0.58857903500404873        1.1759414184909744        2.7938225384348776
2.23        0.59136773716789315        1.0128605290740713        2.0855043201617263
2.24002        0.53879957330399098        1.0798668034476433        2.3172649133588488
2.25002        0.5951296941032197        1.0784474990795523        2.5619702941728946
2.26001        0.60675764374319274        0.98413379534940082        2.1881473956329733
2.27        0.62184863940906521        1.0510201988488457        1.9482944086679319
2.28002        0.62670392265617814        1.1975028147350295        3.7384062443799202
2.29002        0.63957554761006297        1.1925749198509534        2.9439323268298514
2.30001        0.65287848092757839        1.3234035455477324        2.6824936486631632
2.31        0.65469179113100184        1.3396080105882511        2.4346045096262956
2.32002        0.50748177781471837        1.0028646920076356        2.1996515766477995
2.33002        0.53426530364762947        1.2765391836546149        2.6537119418928059
2.34001        0.51188273618399116        0.92919612255287853        1.9198613524441295
2.35        0.51060932538677228        0.92242749525123025        2.191317231559907
2.36003        0.5693035537133011        0.89156696825580051        1.6565760425929918
2.37002        0.52517224266581264        0.94576959328523946        2.0981655172045524
2.38001        0.53886609900238702        1.0025004122047949        1.9373114932527256
2.39001        0.55317719017541567        1.0617594250144671        2.2654908029139706
2.40003        0.56814658835546616        1.123716590503782        1.9878754484211518
2.41002        0.58369381290716182        1.1880388056324744        2.193918569502237
2.42001        0.59985827229531186        1.2548892146512836        2.4135112297131425
2.43001        0.49034792063761834        1.3242678175602092        2.6124133990303764
2.44003        0.40736163021403587        1.3963718496719562        2.8577038263259125
2.45002        0.42468904133081259        1.5428403220060547        3.1159026707166024
2.46001        0.42828646951970317        1.9092512624661715        3.387651054237149
2.47001        0.76056554011058519        1.2448137074756958        3.672948976887727
2.48003        0.77629256684633363        1.2984288447616417        3.9726202674880393
2.49002        0.79259538331782486        1.0053428473278103        3.8005960871768951
2.50001        0.5213174826935375        0.98348798348204236        4.1059857199620069
2.51001        0.54524973645539709        1.0506156366168071        4.4249248918769624
2.52003        0.54468822081233148        1.2596655946040614        3.01043732175502
2.53002        0.61916332580925204        1.3239113774047617        3.2881543920766894
2.54001        0.46789063665899699        1.1879288843360052        3.5794210015282943
2.55001        0.53460218885939959        0.86283114462677635        3.3214741269682846
2.56        0.58628225560834812        0.92808551784096638        3.6174567417480223
2.57002        0.61715230486540806        0.97404982752291835        3.2537496995149824
2.58001        0.60144964677146662        0.83172519168522119        3.5454600675506995
2.59001        0.85868749317360782        0.89110156993194911        3.850719974716259
2.6        0.59625681520176177        0.95300614206879353        4.0629390648674484
2.61002        0.80245936441065457        0.99180665133848656        4.350224485034496
2.62001        0.7719272783116754        1.4503807367732287        4.484836260887989
2.63001        0.5650138669009237        1.3931011586520343        4.8168638842212212
2.64        0.90201615884786657        1.0847649161535524        4.0816662013824692
2.65002        1.1341931038267088        1.1565196964426174        3.9319816956300078
2.66001        0.86933661632870984        1.1887106917658383        2.6628349079550766
2.67001        1.036475813499794        1.2496144049278504        2.7148620258056679
2.68        0.69546880333827488        1.2039746952186532        2.9688881783891086
2.69002        0.66849261705962715        1.276961585045945        3.2376524985035373
2.70002        0.85679517544226713        1.3522838747160071        3.5218511477452261
2.71001        0.62636635619149783        2.1745360428029699        3.8195993361167577
2.72        0.61250331330247498        1.5105130357264804        4.130897063618133
2.73002        0.6312556418137889        2.4002298465541969        4.456638239405768
2.74002        1.2490088168974742        1.2534116925889627        4.4693612591747822
2.75001        0.77270388914818378        1.2930767169304256        4.4108548385237203
2.76        0.66475053568926701        1.2404475515428519        4.7437329583713543
2.77002        0.98329466039931346        1.735775782269978        5.0911126946786887
2.78002        0.99470814709317235        1.7141701529611895        5.451126414454821
2.79001        1.0067388686234842        1.2145619662315552        5.4649818621220865
2.8        0.75179784024494078        1.1524326793489554        5.6780081998719094
2.81002        0.84257312754561808        1.3512905770566552        5.8174728424671693
2.82002        0.91903008654575946        1.3517391521246112        5.0174623072375022
2.83001        0.90835963265404696        3.0336050485354269        3.350210422427216
2.84        0.82924572823750542        1.705572855909758        3.6324574699550158
2.85002        0.85630612936783157        1.2466076233949726        3.929069662049486
2.86002        0.51347920770966782        1.3223664976257594        4.2059222319868779
2.87001        0.98785103346536141        1.2977050299125408        4.5173114723670809
2.88        0.71829326619147882        1.2878418452434774        4.8437005597235823
2.89002        0.82766883776559963        1.3586790986412582        4.6089815039893161
2.90002        0.66877619822552725        1.4390695293519919        4.6179773721400652
2.91001        0.88247773200544488        1.6367591615161174        4.9417742413995924
2.92        0.86681947742909105        1.4872148038426585        5.2791206497889629
2.93002        0.78845422950273758        1.3575331224425569        5.6309807185424576
2.94002        0.76547228026115888        1.2843493384335321        4.419813607311144
2.95001        1.2591691124127171        1.3601819390173118        3.9416287379502779
2.96        0.70891120055325529        2.1923651736441845        3.1130520351744453
2.97002        0.72390150370427619        1.5083448636876942        3.375975702093847
2.98002        0.83482219766557919        1.4809777719428461        3.6517603849267255
2.99001        1.4775498475423048        1.4368175516077246        3.9410946068895703
3        1.4198521655060918        1.2838544490926236        4.1884160389178167
3.01003        1.347168523179447        1.3213371873189981        4.5031003224562305
3.02002        0.66220024127001231        1.9698360812280067        4.8305064804655116
3.03001        0.6802349307141391        1.1584211146362793        5.1714621776046359
3.04001        0.90569346652618243        1.0064192534918563        5.322552529011741
3.05003        0.67451702512631639        1.0743989784398702        5.6821729727239614
3.06002        0.69534213293047775        1.3631132863261686        5.9583377341166868
3.07001        0.59219436627776401        1.2014490775282971        5.2653870245492094
3.08001        0.57554698213657585        1.7166831192816789        3.8879048614095066
3.09003        0.749464210489178        1.3513879277692407        4.0099156075697451
3.10002        0.82178279281552002        1.3720019049034085        3.1486140615087521
3.11001        0.80616985121640483        1.9610599679597749        2.2506989539354025
3.12001        0.80852815106246823        1.3924644439015494        2.4498828394994501
3.13003        0.82543921295569445        1.4389305370676455        2.3696425198948794
3.14002        0.84292288169445528        1.5181919753670192        2.4539012950707426
3.15001        0.87689289627981981        1.5999816075565096        2.576209618194274
3.16001        0.87974192368133963        1.522323657422372        2.84957211610313
3.17003        0.8439871679804315        1.5241896070434622        2.3356461976060028
3.18002        0.71896665727772657        1.4830369380251105        2.720127866088982
3.19001        0.73279324153645709        1.6769804907821777        1.8414799159909037
3.20001        0.90384041042130614        1.4123814997338078        2.2377995621386821
3.21        0.86696537158068632        1.1908439250110869        2.2067283904982853
3.22002        0.93397780284420973        1.2657692186226164        2.4261769977063676
3.23001        0.96582894271497766        1.4677491147180988        2.6586034892679029
3.24001        0.99829731742219985        1.4538404335904713        4.6038832864851864
3.25        1.2553698831097277        1.4424599463529602        4.2677900350962563
3.26002        0.86384835731459475        1.4409427170752374        3.9443952428321563
3.27001        0.83708783194270864        1.5744314213054744        3.7820381227512145
3.28001        0.81094454140727668        1.6524086905067399        3.4858007665766135
3.29        0.78541848570829875        1.5162673366677111        3.7673620953587705
3.30002        0.76044335926197082        1.4922610869710391        3.4989899294998144
3.31001        0.88195813072917206        1.3295469679661669        2.6465046094973479
3.32001        0.71248074945780371        1.1153890706550265        2.316195797519589
3.33        0.68942529681040154        1.0400242770449553        3.6994823982326008
3.34002        0.94230159688290316        1.1072181886775048        2.9169336272139437
3.35002        0.88967311733942656        1.1767630726748535        2.0626322051172337
3.36001        0.90953012991282245        1.2488361505623184        5.0322674276954498
3.37        0.59703474546366586        1.5376097180745596        2.9205466339750128
3.38002        0.57115655290814049        1.4007782005948821        2.884307444640549
3.39002        0.66592597467667425        1.4804426746914841        2.8521040813160079
3.40001        0.69250970578783333        1.7007390537614659        2.3298583444237315
3.41        0.61275733488584438        0.9404350242801518        2.5742374541807727
3.42002        0.64009716353254109        1.0378262391373514        2.3318897058744956
3.43002        0.53976201770499355        1.106404254218295        2.5569040782765589
3.44001        0.54191178508399662        1.17390586218064        2.7954679898084418
3.45        0.46248901228029909        1.049315664791636        3.0475814404701458
3.46002        0.64965716963978815        1.1160642744731799        3.2612658009997295
3.47002        0.62655185021749116        1.1851650535677782        3.4927956647429266
3.48001        0.45010589806848272        1.2567940265524931        2.4078138583078386
3.49        0.45429553356568309        1.3309511934273244        2.7920296104155478
3.50002        0.6034120271191078        1.3513503701668508        2.5139581109255369
3.51002        0.61129995991907826        1.3198412806462643        2.7602612013143224
3.52001        0.7497197698069582        1.3734689491400411        3.0201138308329281
3.53        0.84105295425573856        1.4517093809085821        3.2935159994814205
3.54002        0.83420518379849851        1.5326991282111029        3.5812594720528499
3.55002        0.562457371193542        1.4489559568525425        3.8817972406300032
3.56001        0.55639810056499561        1.4061448942629273        5.1951163175149437
3.57        0.65950643502882167        1.1753262681956429        4.5235213951738409
3.58002        0.60041794717312713        1.0572802413356657        4.7735593055057759
3.59002        0.66226902392461406        1.1278894757769247        4.8658073722616786
3.60001        0.8207233735236904        1.1519300946420401        5.2143435513613827
3.61        0.84934957766425778        0.98971623415621968        5.5764292695909292
3.62002        1.0916103686867371        0.90772622554336901        4.7433859654875539
3.63002        1.0707273274612721        1.5855343839081222        5.0921862806979092
3.64001        0.83367661480358568        1.3961688782154507        4.4975442638982557
3.65001        1.0613782916004346        0.89644734554251204        4.4950668367895306
3.66003        0.85989027545186281        1.6962527015159967        3.6609658760432584
3.67002        0.74853743955484908        1.4818765265050491        3.7007552882971764
3.68001        0.77559417138517317        1.2435943193801164        4.0105732570436787
3.69001        0.79551804646897606        0.9231836305961526        3.5213834832582789
3.70003        0.81611535735740381        1.1376846181147779        3.6674131270070021
3.71002        0.499540477602405        1.1964389114843168        3.4738111221789727
3.72001        0.51094089623930117        1.1012417347683705        3.3149510316788913
3.73001        0.51630010805869753        1.1662670560073178        3.6064299295881797
3.74003        0.52229349783025358        1.2380668080352806        3.9122988557578742
3.75002        0.51226048182967221        1.3122051511366568        4.1596865694230187
3.76001        0.55538416669911206        1.38887168812815        3.8053182710416724
3.77001        0.59589278322204431        1.4680664190097592        2.9623145334052183
3.78003        1.0293498248522939        1.550013037660154        3.2228852257103568
3.79002        0.94391599547605309        1.5981847190123488        3.4963232591295048
3.80001        0.95234327432145471        1.0135208626926009        3.7833108316786586
3.81001        0.63056577418789017        1.0284802427900572        4.0838479433576547
3.82        0.64780262006648182        0.9529505754878399        4.3979345941664949
3.83002        0.81180750821934067        1.1116013034302221        4.7264722105750918
3.84001        0.66642102039115736        1.0815799524582843        5.0676944613124322
3.85001        0.65808531908431711        1.1527474981073835        5.4224662511796158
3.86        0.82430596264214817        1.0475511371115704        4.7158654565053162
3.87002        0.85559390613413        1.1157803163687958        4.7862276073746601
3.88001        0.72324131792012003        1.1833822252293948        3.9057912281174678
3.89001        0.82004313357308989        1.2573090872680208        3.6884828828712313
3.9        0.64642452662772854        1.1647903883348703        3.058273955623962
3.91002        0.58154333187893459        1.3223225675425245        3.2920448891103602
3.92001        0.64026029934241091        1.3121967599531403        3.5813199650423955
3.93001        0.6552918021328038        1.3895964471160913        3.884144580104274
3.94        0.65105765686459371        1.4000651371339787        4.2005187342959962
3.95002        0.65867006263535421        1.25323815107436        4.5313500198647887
3.96002        0.65862211050401231        1.3316290888448521        3.0962319063822359
3.97001        0.68478899740522703        1.3088360669038785        3.3755583414750188
3.98        0.71157311914289623        1.9726873726690148        3.1913188148680889
3.99002        0.59888332296609603        1.9064675278681436        3.4585252977064527
4.00002        0.58853594914230356        1.8429572945622685        3.8198875266437464
4.01001        1.1906379303383972        1.7819752551465102        3.6995385757686003
4.02        0.70360205497868455        1.7235214096208684        3.4953442294752715
4.03002        0.71867679254974182        1.5363589217865785        3.7304619662048468
4.04002        0.56672904493409815        1.3837129556924632        3.6987111427453128
4.05001        0.90936785164901413        1.6699302850669775        3.8068074901982678
4.06        0.94310565557917658        1.348889149597386        4.1127696658280977
4.07002        0.81069110969805047        1.42852129033382        4.0925997173273583
4.08002        1.1241767494551071        1.5104709673353114        3.5017800078208823
4.09001        0.8751385052951095        1.9417656343012282        3.7843727915977174
4.1        1.037075153990018        1.331453577060824        7.4283247313373844
4.11002        1.4657510868064993        2.9107661760356063        5.0907755580215195
4.12002        1.4345703678788009        1.1928930901715664        4.4262185141035904
4.13001        1.4399182390231398        1.250885775024662        4.0579524161513527
4.14        1.4458833450039319        1.3264860872789166        4.2158785415051145
4.15002        0.6803124930006087        1.4048285988420444        4.0332422874144784
4.16002        0.73713806412544414        1.3052635628152665        3.7204249236707048
4.17001        0.76699563987976727        1.4182827850435742        3.8321650667864029
4.18        0.79747045047054455        1.4948009426759425        4.0748622483355135
4.19002        0.65522211899701255        1.1411640628437376        3.3791197765569656
4.20002        0.67130888735780336        1.2055216962318569        3.6480066613153359
4.21001        0.68801289055504833        1.2724075235100925        3.5264101816117432
4.22        0.62985008859616609        1.3418215446784447        3.8116594853277381
4.23002        0.72389009876022403        1.3654390139628565        4.111282025945127
4.24002        0.65824544472972835        1.3753318672983488        4.423666929589622
4.25001        0.68411323152456072        1.8620116455312365        4.5233296238133329
4.26        0.66521628528612131        1.263183619592924        4.6386909346368048
4.27003        0.67635461640241357        1.1651716109122929        4.3089647338015444
4.28002        0.65135132193791745        1.2349050492436873        4.6440637993019944
4.29001        0.67507433685930385        1.331343136501959        4.9927124039322868
4.30001        0.81977482042058425        1.381956507576825        5.3549105476924233
4.31003        0.85101773811098413        1.4594863483985585        4.6492089311074665
4.32002        0.72999256214801223        2.0675249077476359        3.3802237179100585
4.33001        0.75895542115744974        2.0555806887126984        4.0073997189897312
4.34001        1.0276959822917191        2.0461646635678745        3.8233844785958211
4.35003        0.8192398771041276        2.0392616831836752        3.868843212980051
4.36002        0.87391204460336402        1.31973889038222        4.0241645370042045
4.37001        0.89584314959844036        1.0684390550460685        3.3628806427475721
4.38001        0.8076540335965946        1.1345183092509996        3.6346866211364932
4.39003        0.72059683740145786        1.2033140995355607        3.3788458220363728
4.40002        0.83334273373807088        1.274456556059512        3.6639094491289006
4.41001        0.82938820540448266        1.3481272064735801        3.9625226153512716
4.42001        0.77019495412625916        1.4243260507777646        4.2746853207034867
4.43003        1.0942898973943904        1.6416798068397855        2.1147875459958554
4.44002        0.61121688859350987        2.3125051034022701        2.042177093777962
4.45001        0.59993950294589959        2.3565806855170677        2.3141653912381464
4.46001        0.59857904141376328        2.1640657569249591        1.9529645955848522
4.47        0.60918291604029429        2.2122252546937706        2.6947377967297985
4.48002        0.63779656847172927        1.4391159147521702        3.1725692474761793
4.49001        0.73674280838034722        1.0925852370931368        2.7035619520519139
4.50001        0.68886708640562788        1.0189107062162459        3.7754327629868243
4.51        0.67159503243633356        1.176719458165304        3.4897872798196206
4.52002        1.0995101446940472        1.1521707944365696        2.8480424150818808
4.53001        0.7421830134742089        1.4460293755801461        3.1181279948307994
4.54001        0.60403775904321277        1.2673528175987223        3.4017631137097752
4.55        0.60343777426261291        1.3179950333569421        2.8853538695265728
4.56002        0.62810995022737959        1.38885480797205        4.1477516396977299
4.57001        0.60409205350771034        1.3046029941504464        3.4457875369757636
4.58001        0.60534543694222953        1.484607841450801        3.7459697977885318
4.59        0.70330819758524954        1.0233562264500629        4.0597015977311424
4.60002        0.81422810477676        1.3002855861383973        3.3924588761341274
4.61002        0.78962146301429781        1.010419514229266        3.1141889956507365
4.62001        0.6293946719500888        1.1119646065280107        3.3821120580648314
4.63        0.76387475562458129        1.1107232909613101        3.6635846596089583
4.64002        0.78853694170488264        1.1749586168438027        2.6615028722904475
4.65002        0.6585149097465709        2.2983689485856389        2.4602115652643257
4.66001        0.65426789216106895        2.1966753323049106        2.5704924143412362
4.67        1.2220640588820777        4.5706677621814471        2.602005279465478
4.68002        1.602032958874726        1.9159659718724213        3.2561516822985856
4.69002        0.70581914923145472        1.8479394870602013        3.1234364582280265
4.70001        0.89298082632642151        1.7824411961380981        3.4041437213252022
4.71        0.78586525714628153        1.2004326124611389        3.6984005235522637
4.72002        0.75797676772833011        1.220304880305781        3.267050324887522
4.73002        0.73078131405728752        1.1304376003078558        3.3023138099312228
4.74001        1.2029215361931607        1.3188255581276629        2.5679771533546871
4.75        1.061478773754357        1.0181771129868222        2.7235966828149571
4.76002        0.66948647450640353        1.0145561468947146        2.5372037538679701
4.77002        0.6334668378385524        1.6535969491531695        3.4046177578745311
4.78001        0.6071050202454612        1.1554162894851596        2.834404582223025
4.79        0.54476492552586164        1.2330774652653542        2.6070540761912988
4.80002        0.67991753593228299        1.0847564561634175        2.6407692579888171
4.81002        0.67092549266904067        1.1518208955464988        4.0628603089681388
4.82001        0.64993052864390466        1.221413528819697        6.1387702641741404
4.83        0.6295527994552228        1.2935343559830117        5.3021250694214253
4.84002        0.71533906897498167        1.3683880037891862        4.8990439709047555
4.85002        0.59059828060003938        1.4455720332715212        4.1967356177746886
4.86001        0.48539910644952899        1.5252842566439728        3.9525985253571427
4.87        0.50867431067647817        1.0048450502419257        3.8899719920071165
4.88002        0.56778222371167753        1.3770983796198222        4.192494173738992
4.89002        0.7272534534736057        1.3406607985494794        4.507770923763796
4.90001        0.64012988559825124        1.3067514113692487        4.8365972129184422
4.91        1.0673510726863722        1.3947320790787989        5.1789730412029327
4.92003        0.59793311525181947        1.2464428642446619        5.5358760862394059
4.93002        0.56505682756574482        1.2201248732735523        5.9053875144523955
4.94001        0.65688494127396413        1.2762279749569234        5.2684005034786203
4.95001        0.62997174057207361        1.3523009058755973        5.1698475196752414
4.96003        0.56519311235934699        1.2600611154294574        4.0610168435297815
4.97002        0.56152358111041634        1.1928847010304904        4.0304277937833479
4.98001        0.90200010877308567        1.267322767055816        4.3219532999551245
4.99001        0.95286656360125788        1.344289026971258        3.7242192291264011
5.00003        0.51604523951690329        1.4240011679951996        4.0325401763891255
5.01002        0.66182596600506616        1.506030630229662        4.3536001038653938
5.02001        1.2176628434987107        1.0936655744543295        4.6882095704715052
5.03001        1.2140677311100601        1.9726300057200492        5.0363685762074599
5.04003        1.2110826610288044        1.961639511893162        5.3979795795335397
5.05002        0.92503771231652154        1.4164948958374004        5.7739145171300539
5.06001        1.0993451068751894        1.7886763302940143        5.4210059789396086
5.07001        1.1350047034561266        1.4177147141908362        6.0224053890390898
5.08        1.0101272940930923        2.583469012110192        4.8923912738993796
5.09002        1.0424835639527856        2.2241690809281631        5.2404614540043841
5.10001        0.93762808781815288        2.2185073123823167        5.4155560961001799
5.11001        0.91249959729408003        1.6631934208169201        5.3062451098162491
5.12        0.88798834160646145        1.3164252744870366        5.3888307217950482
5.13002        0.95433724582917023        1.7696039123431493        4.2579253037288245
5.14001        0.98691588482283232        1.202900763347118        3.1634849140839889
5.15001        1.0201117586529485        1.0754219954821718        3.4349092771396927
5.16        0.89577997272294752        1.1460984386819042        3.7198831793254343
5.17002        0.9149547539263595        1.0250779798942704        4.0192295760903853
5.18001        0.93469605670834344        1.0948510702392267        4.3313390782046266
5.19001        0.85582047107721626        1.2466856867687783        4.656998119448712
5.2        0.88580731996598583        1.2419818325994894        4.9962066998226407
5.21002        0.91649472857799208        1.1835015841382566        5.2909087472257923
5.22001        1.1969485500423906        1.2567012223563541        5.6558703105964101
5.23001        0.69404287661603714        1.3324290544645683        6.0262215693108327
5.24        0.64398602190075949        1.410685080462899        5.9077179957438917
5.25002        0.62880914110108166        1.4916904640281736        6.2961233920125972
5.26002        0.69128868966233958        1.5750096923455246        6.697052487717948
5.27001        0.6409100817982728        1.686129994102489        7.111531122553143
5.28        0.85240862163429487        1.6904811145373448        5.5264156904615191
5.29002        2.3500321148541437        1.3876825129591288        4.503178594197518
5.30002        0.96454904796293084        1.6991227098492194        4.8455751061257546
5.31001        0.76226343640218652        1.225929542376899        4.9009076688380198
5.32        0.6234004415818063        1.1801200095237057        7.4224938520794757
5.33002        1.0329216154385721        1.323158568968994        6.99892377364558
5.34002        1.0879298756641897        1.4048236939047674        6.5900601244190344
5.35001        0.99439507189410814        2.8591551778354973        4.5774381238510076
5.36        1.3282125467562718        1.5582509207506994        4.791730781837896
5.37002        0.64976672207079955        1.3960200283760726        3.9290843048006119
5.38002        0.63802347865493492        2.0497398233270108        4.0907908732393228
5.39001        1.0150134147004006        1.4689697525115357        3.9291036977286056
5.4        0.91629241741102041        2.5176091142545864        4.2475269560519218
5.41002        0.76442349109604568        2.5339613504496969        4.5804128689440367
5.42002        1.044856135406883        2.1217503540098286        4.5247423564977955
5.43001        1.0696215476747888        1.5023021203395663        4.8280625440039824
5.44        1.0950041947791487        1.1652175433581411        5.1776810060837102
5.45002        0.97410707395423768        1.1832878863714829        4.3926117966491072
5.46002        1.0611628451100685        2.2471058137190236        4.0710507883127542
5.47001        1.0964073678017032        2.1752418412100281        4.3966826548636275
5.48        0.86867406607565789        2.1059060625911497        2.6891331752455896
5.49002        0.73803404441824672        2.3301143367727306        2.7916986367573955
5.50002        0.91302379374166553        2.2932977739014428        2.7370991321177587
5.51001        0.99079869867020642        1.2966317803175214        2.1023704719482321
5.52        1.1337602752871889        1.369423396053866        2.2167133155361007
5.53002        0.85729203423939504        1.4449496404885238        2.5276181949319256
5.54002        0.96105860520513176        1.962049666628624        2.59236104757737
5.55001        0.72320029734118485        2.0504613838559274        3.601405061967403
5.56001        1.281127609454207        2.1414012949733472        3.3864090085822522
5.57003        0.65776081836605982        1.7229264670263307        3.1844378218636975
5.58002        0.64739956224435646        1.7552900252594599        2.9965773684070007
5.59001        0.92166639425603702        1.0555422605567311        2.8222664540801246
5.60001        0.8294162014457569        1.0912216381840578        2.661505078883069
5.61003        0.74509934973507808        2.5073770208573567        2.51391475546902
5.62002        0.66247203667997889        1.8323720451338696        3.9605055786368997
5.63001        0.66148963707991615        1.3723936733011766        3.7834197211418799
5.64001        0.65190178873949811        1.5619672145195793        3.211141755358855
5.65003        0.62533378186880673        1.6513161047089164        6.1841508447795608
5.66002        0.6464681851369104        1.7429564108690827        4.8284817415303802
5.67001        0.64296466499438698        1.8505188807799031        3.8027571599908145
5.68001        0.61068652908249377        1.9474019221178791        4.1155147644588945
5.69003        0.97171144040562729        1.1860859054066861        3.5550870484484647
5.70002        0.63802799798417853        1.2502176993223846        3.8462629678363824
5.71001        0.9352197199901402        1.1588470782449716        7.254981657961312
5.72001        0.65327972576464421        1.5961306405854472        6.9638203651435733
5.73        1.313787681441617        2.0738779609455609        6.6862086114557728
5.74002        0.70800888730324696        2.2707020508161468        3.6539940937285804
5.75001        0.92980626440452174        2.1609435993192188        3.9557132122182748
5.76001        0.58455652934407643        2.1524891920531948        3.6475659020786648
5.77        0.60816446281447711        2.1837292085937707        3.9550450959124475
5.78002        0.90059355704738653        2.2175918549129912        3.4056755787955133
5.79001        1.0203466998804069        1.3030792616921196        3.4920949791902629
5.80001        0.98936565752474059        0.92383911035139366        3.6722859445282467
5.81        1.0222857783387709        0.9257681054033472        3.3046915428261738
5.82002        1.0415641730658984        1.08932861446533        2.5933301556261918
5.83001        0.92074915605538943        1.0429404063024168        2.8657913414173946
5.84001        0.64673950753051057        1.0791850072194862        2.9512920807871694
5.85        0.73313542688740252        1.041067464178677        3.2285262685226015
5.86002        0.76312385197934307        1.0892125741428216        3.5201120890733266
5.87002        0.79364972971467096        1.4005917973305002        3.8244818767373587
5.88001        0.53789880109860311        1.2575380710442228        4.142401203531235
5.89        0.98411923548332625        1.3133885390913878        3.5836824018467102
5.90002        1.0128853573038441        1.3933887100134454        3.8902655432450963
5.91002        1.0421922175292317        1.5138923726008646        4.209592336378166
5.92001        1.0466417630492229        1.5605503396208802        4.1958906976606132
5.93        0.51485500331781942        1.7758776630613395        4.4670074547813883
5.94002        0.87658110513457732        1.3712607182986603        4.7524593556862484
5.95002        0.87160746546933698        1.4857382280834692        5.0507117127357217
5.96001        1.5216392949080619        1.3668309084946815        5.3625136089150383
5.97        1.2560343361244251        1.494190355742484        5.687865044224198
5.98002        1.0099710846131758        2.0815973519248416        6.0276978084336559
5.99002        0.8678745577897915        1.1427342954136306        6.3801848436713149
6.00001        1.0263423038943984        1.4009157919816835        4.8394508475902072
6.01        1.0524756396126984        1.8082387339625661        6.6063507955997913
6.02002        1.5621821334675881        2.1376942383780326        5.1936270062992014
6.03002        0.97108975533135433        1.2867966399792639        9.0852977208868371
6.04001        0.79033221976655987        1.3642618853220372        5.9613004145658239
6.05        0.77186904269562917        1.444255324554927        6.3654614273939005
6.06002        0.94486254052975227        1.1410869384324305        5.3646116421916865
6.07002        0.96130817206066033        1.157031455624383        4.6241692047376404
6.08001        0.76731747493601565        1.1198798204382743        4.7782495238803522
6.09        0.88413010807953485        1.1296117078880492        4.9458793821528833
6.10002        0.86771840033871073        1.0831751492879551        5.1275654437811173
6.11002        0.73340919651293734        1.1182551680273398        5.3223309019821041
6.12001        0.75562146947181663        2.5401747277797311        2.7013841508806444
6.13        0.77845097726715029        2.5113591299683469        2.8595588156940042
6.14002        0.80196175276120996        2.0116298906355139        3.2381894137393621
6.15002        0.82602739393521063        1.5632667379728917        3.4577017989418626
6.16001        0.85071026994566556        1.5064430791506078        3.2489194525454903
6.17        0.91627632167764805        1.2436225086306387        3.2630008487577333
6.18003        1.0148523526730855        1.3202945433950126        3.4678223812187325
6.19002        1.0427436874779723        1.399292071698562        3.6172741863238254
6.20001        1.071252257119313        0.96945296472339682        3.832038103179606
6.21001        0.82753503540466822        1.6149542495974281        4.1538312139457103
6.22003        0.80678046813787163        1.0150807789315783        4.0694702571207975
6.23002        0.70129081151279338        0.99203764333155919        4.3880154755436829
6.24001        0.66867338349991834        1.4846579144231566        4.7201102330964133
6.25001        0.65068377573498359        1.1616728042681845        5.0657545297789861
6.26003        0.62613952029800923        1.0163803764400852        5.4259348531014071
6.27002        0.60582789586195185        1.0851649495353619        5.7987147497124818
6.28001        0.5861335062623485        1.1354838780510523        7.1328677609066835
6.29001        0.76094069093757977        1.2070432763219425        6.2082771655681963
6.30003        0.54014119370558011        1.2813339819502683        6.6067775366700658
6.31002        0.54745334774867982        1.3579565825401787        7.0184265525174849
6.32001        0.52053992447342279        1.4371073770202059        3.0262163258712396
6.33001        0.52445145079565003        3.0559948825727989        2.8782384780411423
6.34003        0.68235674233109922        2.9411784528962546        2.7073974522269362
6.35002        0.65754781964671039        2.8292022706955557        2.137457002655057
6.36001        0.9530791330492242        1.8289065878182174        2.2541087082030034
6.37001        0.66883046089516329        1.9082434238416843        2.4996504279782195
6.38        0.90238187837630701        1.9901084537552673        4.14929738303241
6.39002        0.55093520085782932        1.3601041824242333        4.2099314790062685
6.40001        0.95337222393854082        1.3739419736444498        3.6844033749357652
6.41001        0.74642778414690891        1.3903079587547809        3.0124439607912343
6.42        0.75669849587063909        1.4092021377552264        3.2875959277284754
6.43002        0.84630078772912576        1.0348386129553151        3.5770939150260612
6.44001        0.81994971482887558        1.1031994015915192        3.8793814818919365
6.45001        0.79421587676507965        1.1740883841178398        4.1952185878876547
6.46        0.76909927353773788        1.2966717662257257        4.1035862771005744
6.47002        0.74453470320852211        1.3236590517964129        4.3822423161845139
6.48001        0.87641748581064449        1.4021394305318704        4.717068465991348
6.49001        1.3703040723141331        1.4831480031574442        4.5477427994108277
6.5        0.99529726784501316        1.566684769673135        4.4351037815882632
6.51002        0.98765611023261102        1.652985127557703        4.1461825494146751
6.52002        0.98065356005581139        1.8323060605402994        3.8644716014872169
6.53001        0.97426824471546403        1.7939559317271565        3.320098681000351
6.54        0.96850016421156859        2.0216717444337386        2.2086861647652332
6.55002        0.88858254559889649        1.996895968858414        2.8128818627233478
6.56002        0.80912454709774317        1.5816578404594226        2.6182068561508034
6.57001        0.74533781600535054        2.0832734272331037        3.150837893213728
6.58        0.73539172578929579        1.5301572885858867        3.0486118307598242
6.59002        0.72603855934201633        1.2828941761832293        2.9536403027318059
6.60002        0.7173286025046266        1.7011095972278594        3.2318519001930923
6.61001        0.64905965278429123        2.7824269594197499        3.5236130367843055
6.62        0.64092947172087811        2.723304203329354        2.9006644852850823
6.63002        0.6470770080145819        2.6665605115927238        3.0853001458632963
6.64002        1.1666405243622333        2.6448292995885745        3.2592547958600884
6.65001        1.0033631987934233        1.4931385166058697        3.5555319250212976
6.66        0.99323093533851781        1.4303609251333194        3.2333084387286304
6.67002        0.98369109383772757        1.596433673039577        3.5037872804841816
6.68002        0.80779705165190174        1.5112986938680975        3.7871068285435685
6.69001        0.98692544652031622        2.2582684743749066        4.0839759157327995
6.7        1.397804730319784        2.3036079190637415        3.8273957500815134
6.71002        1.2901586333466564        2.3516079973806758        3.8752856762072398
6.72002        1.2548447747450044        2.3133084846295193        2.5161554169470741
6.73001        1.2201481509798069        2.1313281245076112        2.2356262529523292
6.74        1.1860687620510635        2.5988695026872946        4.2285338718612548
6.75002        0.77315500864614151        2.5506711071569268        1.9215833952499148
6.76002        0.74564091248230702        2.1375664103808862        6.3035547491666986
6.77001        0.71033794459464084        1.9620089011493145        4.9656382257988962
6.78        0.78928901134739093        1.4213185061676779        4.7416401751431092
6.79002        0.86636393670897138        1.3343429855492484        4.5266013084650796
6.80002        0.67879815122830922        1.281824641533595        3.0002206836269103
6.81001        0.66936701502828488        1.3793057279093108        3.2662631339511363
6.82001        0.63126508756162103        1.4966729722043388        3.5458551234053601
6.83003        0.66705391549600646        1.275021793647926        3.8398051009355347
6.84002        0.77901822420282274        1.3467542553352136        2.769214903553634
6.85001        0.77176920217193112        1.4210149109126173        2.6337833885270565
6.86001        0.61804046006783298        1.497803760380138        2.4314168779111864
6.87003        0.68867990443989313        2.5173992703510226        2.6583110354398762
6.88002        0.67900549352684569        1.6989263691995415        2.4749795016445031
6.89001        0.91371105711379552        1.9731085072857399        2.7749972124623499
6.90001        0.89987919953421125        1.8754943151476375        2.6095708619398623
6.91003        0.88662979195692482        2.9435292605570167        5.2042124397246488
6.92002        0.87403406775601278        2.8556815377218641        4.2464605521490046
6.93001        0.86205557839155933        2.7703620087768273        4.235216178818658
6.94001        0.78760981365940397        2.6875706737219076        3.7858398129410404
6.95003        0.71618754842090526        2.3646945098159273        3.8155073226360683
6.96002        0.70717788684698057        2.3309290329315675        3.9005656572822605
6.97001        0.75401817726678821        2.29969174993732        4.2256471070392241
6.98001        1.2338812647903044        2.2709826608331842        3.043459385589057
6.99        1.0410691795151239        2.2448017656191577        3.2927644153967455
7.00002        0.74717741818552086        2.2210887268367219        3.5563457972704717
7.01001        0.80895289997559372        1.4261251218960991        3.6591710471128431
7.02001        0.76624851203134581        1.4447831524956061        9.3076287644420237
7.03        0.84418145327018612        0.87380391360633669        8.0473830191259665
7.04002        0.82007842040144585        3.1601359232283923        4.5811273361417397
7.05001        0.75642061717809517        0.96868936071059275        4.9701987039059254
7.06001        0.75484643868815227        1.1994245057359059        4.5127796891274459
7.07        0.75388949503466274        1.1568646168955012        4.8489966223654513
7.08002        1.0057227386962568        1.9698265523743117        5.199724171560165
7.09001        0.7549435174524366        1.8730458062637876        5.5630767047266696
7.10001        0.77321005242025453        1.1873047145377695        5.9399787770230184
7.11        0.79209382222452684        1.2378041185233539        6.3304303884492104
7.12002        0.81164822431515049        1.3305941827293764        6.7355388009485218
7.13002        0.76112624309697985        2.2673401320799527        4.7621153397969715
7.14001        0.92895064484034984        1.7731641204221762        4.9841282343455955
7.15        0.91031744858229169        1.3180175858067893        5.3571039947348273
7.16002        0.74120880996955596        1.2175394221210023        5.1537732906337981
7.17002        0.75316117584016584        1.1956186567515592        4.4619538227255626
7.18001        0.76721582272032007        1.422649387956342        4.6311360602514888
7.19        0.74364519945754493        1.3148895224027355        4.3739319029119148
7.20002        0.97909709673032175        1.3900566571573278        2.6343599223417038
7.21002        0.97475672290695048        1.8322889717655135        5.0995669521357989
7.22001        0.97103358392003314        1.8537267202448611        2.7365349152866365
7.23        0.96792767976956962        1.8776926626143231        3.118118385065368
7.24002        0.96543313654708851        1.904261628093497        2.7455533074371488
7.25002        0.55936842240854756        1.9332907727819617        2.6407508282574148
7.26001        0.5766110569553855        1.9648481113605385        3.0724649943296205
7.27        1.0088289425573109        3.0839873819661796        3.1759112342225668
7.28002        0.61299866816891169        3.0158347629721867        3.4646100788975964
7.29002        0.63209467093087102        2.9503969511027406        3.7661006513737707
7.30001        0.65180790852928461        2.8874873331234117        4.117133953761634
7.31        0.67213838096415246        1.7241986692607905        4.4413294790659608
7.32002        0.6267729480416897        1.7206561461311756        4.7800032176101954
7.33002        0.65060753153398287        1.3669166563759667        5.1313343428430223
7.34001        0.67505934986273042        1.4478850080766525        4.4470344086285749
7.35        0.700128403027932        1.5491513713677687        4.7571359202230097
7.36002        0.71779533317804356        2.9851908416613253        4.5026910082638896
7.37002        0.74348736838918705        2.6281208184443239        4.8856329150149911
7.38001        0.73868228847918327        2.6450794743532522        4.1542224430171997
7.39        1.0773941250968393        2.6645663241522946        4.4171815434714166
7.40002        1.1003165989081283        2.6866441240352614        6.6887593002547838
7.41002        0.77578419517285357        2.6690538654036371        6.1419769921345697
7.42001        1.3900613992746775        1.1655875744791393        5.802703919059975
7.43        0.71411481730713755        1.8805252214358492        4.5880620378875054
7.44003        0.70417294009305864        1.8762095970958002        3.4361810119538987
7.45002        0.76463549900373373        1.3896967691272901        2.68590071213556
7.46001        0.77012500958262997        2.0067856553510834        2.2343325295290812
7.47001        1.0572886166974493        1.4617433937729885        2.2604524529157644
7.48003        1.0326071467978315        1.2795491165287245        2.4865887811473288
7.49002        0.94120486210197774        1.4404539830061769        2.7256850159876596
7.50001        0.97197862211146224        1.7080285094497354        5.75103767639105
7.51001        0.82140082365514477        1.0700089177852841        5.5191042998388209
7.52003        0.83536680145161801        1.0573742873960965        5.4778828668663779
7.53002        0.68640485178654864        1.0869379785332902        5.4503400441618561
7.54001        0.69099832096052893        1.825256874706952        5.4363467605871616
7.55001        0.69620902497096304        1.8295829901417351        4.445684651069624
7.56003        0.71772105265175179        1.3011088575382037        4.7805827059105299
7.57002        0.89682840067854797        1.3774948609458402        5.1281482971274039
7.58001        0.75086961797626584        1.4357861367927465        5.4892634274741212
7.59001        1.0583742621068783        1.5195777697870358        6.6001057690765972
7.60003        1.7296019132920819        1.4977839753247892        4.9810516264224729
7.61002        1.698499723511729        1.4596269529623094        5.3354930951693911
7.62001        1.6680147685678302        1.6208839757231268        5.7034841030461543
7.63001        1.3434725423015881        1.5951439482402536        4.8455203436837593
7.64        1.4496914030493298        1.5719321146474896        4.6816016250979926
7.65002        1.4500907251106081        1.7022329493599653        4.4393554046599544
7.66001        1.4256999823424656        1.6620081051172337        4.7769340394417608
7.67001        0.73447449962006206        1.7929335762498118        5.1280622133534095
7.68        0.75080201299455807        1.790853325667084        3.7491815904271566
7.69002        1.0701051766528247        1.7417942764582011        2.2899810931364715
7.70001        0.87538506839226704        1.1936584496694822        6.0024295050654874
7.71001        0.84454265612730861        1.1419500784225731        5.6510033108170621
7.72        0.81431747869880455        1.937997550187549        5.3131266556984791
7.73002        1.1948765371707331        1.1644697407434785        4.6936869503430581
7.74001        0.75564152037680732        1.2400363399681442        3.8596576595019316
7.75001        0.77733178701827321        1.3181311330829268        3.8141100219533377
7.76        0.77505203169893722        1.3684975673569906        4.1229197897382388
7.77002        0.77338586412383969        1.4508398152963387        4.4461662997185192
7.78002        1.5309235093792839        0.99501975479864158        3.9587294076133053
7.79001        1.2035156277907255        1.0622573652198459        4.2866606945603811
7.8        0.99814413376693056        1.2472213922393351        4.6281415206372998
7.81002        1.0117104184535559        1.033120037565729        4.9841471510613298
7.82002        1.0258583013222928        1.1021785931268087        4.7788282456806073
7.83001        1.0406234190274837        1.5314436447693582        5.1378383949674031
7.84        0.73362115430452246        1.6184568634572363        5.5103980833840414
7.85002        0.73047318962981089        1.7082430440050218        3.4805201267612258
7.86002        0.72795175391506317        1.8003194650119201        3.4585241626457237
7.87001        0.7952635683447622        1.2280194231159582        3.3736750935629898
7.88        0.84963789671130052        1.555196628053213        3.8626029515358171
7.89002        0.86694872621677399        2.1590824582243302        3.7484603585431011
7.90002        0.70821505956012498        1.3438907312037625        10.355107007338265
7.91001        0.88204920470019588        2.5464883120384876        5.3239677018325846
7.92        0.89948947661187062        1.7801450942967716        5.1272517381911777
7.93002        0.92989883791534156        1.6885167326483412        4.943609913695461
7.94002        0.81263228502372731        1.5996662849595513        4.1940588822505234
7.95001        1.3354692080238593        1.7640775190999896        4.1213000057068125
7.96        1.1330270338780168        1.4165969628022068        3.7440054530543962
7.97002        0.80757095360282383        1.4961338881692399        4.0596290456503246
7.98002        0.81863710386780575        1.5779886057566244        9.6278340103876783
7.99001        0.83032048896924082        1.3561007290145131        9.3048112870641617
8        0.7529544931602018        2.9433687064544998        5.4012111175172155