TIME    E2.5    E5    E7
1.00001    0.37873256805889333    0.30149928094311135    0.15583456989262337
1.01    0.29883422800793419    1.0220305775390801    2.2511087456561651
1.02002    0.57529040577294499    0.66626445694324921    1.5769884633604125
1.03002    0.5502280819245251    0.66468689747108356    1.4678059215918382
1.04001    0.5257829923301548    0.62651293525827845    1.2731605393238909
1.05    0.50195513698984695    0.50767014478388905    1.1076868713993209
1.06002    0.47868278767689787    0.56055326530334659    1.1212547884494146
1.07002    0.45609106454890397    0.4872854095853561    1.315589458271895
1.08001    0.43411657567497253    0.59990730894584487    1.2546705149492214
1.09    0.50382922191509161    0.6831322826997851    1.3919592626617063
1.10002    0.48053635057833305    0.53355561651053152    1.2163741477053249
1.11002    0.45792416059326035    0.62798738786705222    1.3059080293525567
1.12001    0.43592920486225006    0.71307465737940168    1.6112344960834091
1.13    0.35353565643324336    0.63713294563373579    1.854364015072012
1.14003    0.35825686858651568    0.65194417122843595    2.4664685287510686
1.15002    0.36358345541542469    0.65980125109192445    2.1929139025645479
1.16001    0.36952727649839584    0.77627041384962014    2.1713982773685951
1.17001    0.29926509452212546    0.69134510838583196    1.640708215062411
1.18003    0.30399167501347696    0.61760832551280875    1.6982612882054986
1.19002    0.29136180271179202    0.67747229589841151    1.6802810639209986
1.20001    0.30910560114554753    0.79617179315219466    1.6911122662459661
1.21001    0.32746663383336555    0.81130853354963783    1.7244969947570441
1.22003    0.34649688922786342    0.7278478097470098    1.6593947259386717
1.23002    0.25941748769024275    0.64955597157804423    1.8484901870547468
1.24001    0.26369977212169476    0.68895720816665873    1.7274902047931429
1.25001    0.26859929080720873    0.61522021145802108    1.78271453719461
1.26003    0.27413174779508309    0.71590747008600042    1.8297542657050214
1.27002    0.28026739869290923    0.61732522122863875    1.4763478987432137
1.28001    0.28702028384479494    0.61521868135772062    1.608782679419096
1.29001    0.29439040325074217    0.66155944874369732    1.6490549905380916
1.30003    0.30240012026018243    0.69415394194949409    1.4064136407766787
1.31002    0.31100637187844138    0.62637892301122355    1.5587720243075924
1.32001    0.3202298577507619    0.63047818730303595    1.6002643141772552
1.33001    0.33007057787714378    0.66061478061648438    1.5710704522478534
1.34    0.34052853225758711    0.5367101294853005    1.431823729660445
1.35002    0.27299802913152577    0.53618887949826055    1.4295575362297499
1.36001    0.28696374207115455    0.67095554779229394    1.3514159606810083
1.37001    0.30154668926484579    0.68161166999027634    1.2851926215590679
1.38    0.33920484744055923    0.5627273604653158    1.6778801911437702
1.39002    0.33324048955108954    0.55262002400594168    1.2561506859532119
1.40001    0.35349846685785208    0.58280146411426081    1.5595980496618598
1.41001    0.37437367841867714    0.62858052496304673    1.2203649845678628
1.42    0.39586612423356465    0.52374241176035941    1.2371369291043188
1.43002    0.41803623322178179    0.58402925232841951    1.3190181670846441
1.44001    0.44076481124898315    0.62928308856471649    1.2646965607047898
1.45001    0.46411062353024707    0.58016533346279953    2.1734168767362481
1.46    0.48807367006557351    0.56667841431915589    1.1176531067302167
1.47002    0.51272103907536271    0.44759810576870285    0.88467894476646014
1.48002    0.36966625477183496    0.89761706816597353    1.5969835305415945
1.49001    0.37292186814134332    0.75485890841232473    1.3878227466091926
1.5    0.37679471576491386    0.59515153814197774    1.3840538055271863
1.51002    0.38129773438340014    0.40402738732922966    1.0389468903830272
1.52002    0.38640671421928352    0.4904282487115158    1.5602189454048339
1.53001    0.39213292830922886    0.63682204451513169    1.5148452705871605
1.54    0.3984763766532346    0.54305501384956012    1.3008573426091179
1.55002    0.37885436766199149    0.58530273543317501    1.438144632454998
1.56002    0.39877891746843563    0.6446711537250206    1.5886306576087552
1.57001    0.4193207015289423    0.82742649777857946    1.7526662091076695
1.58    0.38378970258483414    0.79316350802867219    1.9302512869517416
1.59002    0.3707366625291923    0.87504325790048509    2.1219193887910484
1.60002    0.36954608687613028    1.232110718547234    2.3266400409597887
1.61001    0.3893754174172776    0.76993697483305468    2.5449102194736857
1.62    0.51940640254188553    0.94088440725977052    2.7767299243327401
1.63002    0.34309603263805605    0.93530926633806488    3.022778838165507
1.64002    0.32869268023089687    1.0252975910842561    3.2817341173492296
1.65001    0.51085931837932175    1.120223789862939    3.554238922878159
1.66    0.49717312463512997    1.2200878626741414    3.8402932547524449
1.67002    0.35331716621095782    1.3251789673040901    4.1407229805789436
1.68002    0.71002614254031526    1.5079692219567933    3.7062787586837298
1.69001    0.69163206544696276    1.6254685337330006    4.0036473511363173
1.7    1.1239159957129563    1.5055071807406324    3.299747253134337
1.71002    0.47269717194484645    1.6127655655772102    3.0614005207258077
1.72002    0.52445177375441632    1.6603039540107007    3.3161915592341802
1.73001    0.49391233295070047    3.0821088621708483    3.6298566799127152
1.74    0.46927285752707093    2.3744690466482115    3.9165774928759096
1.75002    0.5823362638013857    1.6675872912119141    4.2176754962363008
1.76002    0.59756737020062545    1.7864241263383702    4.5528447355638368
1.77001    0.52855678733217781    1.9101988354973261    4.4988234261496487
1.78    0.73498707694064802    2.6706584737088406    4.8218523446620924
1.79002    1.2341929178283775    2.0955475532479513    4.9026579450140071
1.80002    0.89405587054876601    2.4634985114719172    4.4630494393060083
1.81001    0.81597188596870374    2.01856101098425    4.8660579224308638
1.82    1.0132972943136875    2.1534261128174363    5.1164346882270326
1.83003    1.1142540088271906    2.2936125888655994    3.6020026855562612
1.84002    1.0870641060797503    2.4383667483972964    3.4226032301390084
1.85001    1.0604914375863708    2.0508118114661409    3.6596722734077431
1.86001    1.0345360033470514    2.1864746576543994    3.6748990036550762
1.87003    1.0091303404210645    2.3274610283119612    3.8720143580269069
1.88002    0.98441103839401412    2.6888560663677876    3.4332959750645133
1.89001    0.96030897062102627    2.2893676808340446    3.7095846211590593
1.90001    0.93682413710210088    2.0441666341330258    3.9994227935989013
1.91003    1.0958615251282373    1.8162042158194187    4.0532127198556926
1.92002    1.0217457240571557    1.6362507277537968    4.309543204297829
1.93001    1.0305214241644878    1.6203953800804094    4.6235647761348346
1.94001    1.0399143585258814    1.7406175363639333    3.8642545542353508
1.95003    1.0499523428221842    1.8661215980065047    4.2274716202694806
1.96002    1.0605814093958899    1.8799096627915142    3.3961690602927797
1.97001    1.0718277102236566    2.9696762425961176    3.8182876041580336
1.98001    1.083691245305485    2.3204326071731156    3.2473290352914552
1.99003    0.88212761237260828    1.8767457820124136    2.5682229805052472
2.00002    0.82916398104215205    1.7374009212478458    2.5307464777744273
2.01001    0.45194225139157052    1.2689087770970986    5.1186901921001562
2.02001    0.87528720703852048    1.5708630711340041    4.5389530750254909
2.03    0.7251368925372712    1.3076017562795381    4.5028253282986936
2.04002    0.69859852314857551    1.4099581800022096    2.8361716991708215
2.05001    0.59860767396958792    1.5169839808974817    3.0483679636843242
2.06001    0.59533929524228624    1.5527743970676375    3.0526483268071627
2.07    0.8881957443233629    1.5529935164893409    3.3256379360988433
2.08002    0.75387025604773827    1.3578508493775749    3.0996048430332057
2.09001    0.51316774401805643    1.1182345766477464    2.9001542422605469
2.10001    0.56271344654969813    1.1933410195552847    1.9880069631385622
2.11    0.50636692583680465    1.2890301670459872    2.1514193276080702
2.12002    0.47967203307878958    1.3899350931874337    2.1323756387121651
2.13001    0.63038344030442861    1.4955132983767225    1.5944115505584593
2.14001    0.92499670257769406    1.4030782304036211    1.2408093728572103
2.15    0.62814606165259379    1.3114874667605787    3.3696691491954374
2.16002    1.0280914554319553    1.4011805508272028    2.5802673096728843
2.17002    1.0013202298589856    1.4955770533020349    2.4485722190458197
2.18001    0.4489081354970279    1.5949114298093767    1.2878119767272764
2.19    0.4474186653972741    1.6991836803492826    1.4199266325271769
2.20002    0.44654491260585011    1.3914943904391528    1.4290521697784659
2.21002    0.45801278955132624    1.4928837038722387    1.1239943217423496
2.22001    0.50683792429994834    1.1624364667358682    1.3075724281648766
2.23    0.52609891135236753    1.0972292763420524    1.247373708897586
2.24002    0.50229352792577675    1.1970676327426524    3.3223118119166002
2.25002    0.50729199026213034    1.0611227801613228    3.0403779132572133
2.26001    0.36258911612499817    1.0622470024597601    2.7719935409432033
2.27    0.36497681611784377    1.0714283084001999    2.1984808189816758
2.28002    0.43865914477635104    1.1622694723717002    1.8252666590415181
2.29002    0.4272532214228526    1.2178293975007117    1.6274994512649958
2.30001    0.3641179849949176    1.3235643883723642    1.4386587205699997
2.31    0.39937601665935751    1.4342372532765171    0.92395375017517434
2.32002    0.40421758095077215    1.5501662842098536    1.5643653357161589
2.33002    0.42700009618639567    1.6707282068125173    1.5704345069193537
2.34001    0.48023907214166134    1.7530429403274779    1.4921474640875152
2.35    0.52752132950504094    1.4188473327030022    1.9881524907355954
2.36002    0.53039483159881173    1.4388842200096708    2.6857804951924003
2.37002    0.54563360711943354    1.3904468801726275    1.9338347604994948
2.38001    0.56148961689411792    1.0870638829078205    1.8999451885643974
2.39    0.37872732794770658    0.71898641636360683    2.1114750072498403
2.40002    0.38919809348884732    0.79780893826497712    2.3371793451888516
2.41002    0.37775270075210998    0.88136410051585956    2.5758447381989629
2.42001    0.3922498743006152    1.0581764075823346    2.8280596575542321
2.43    0.47841641869154267    1.1534195498193649    2.909886389858154
2.44002    0.47436550020083906    1.2346841255236065    2.5393442865816409
2.45002    0.38443811523743548    1.3385625301659152    2.0854755253049539
2.46001    0.45420238743826574    1.4473788088407236    1.8887884971006157
2.47    0.28672910929860751    1.561132961548032    1.7201956353425576
2.48003    0.29585675513542109    1.6051608575764351    1.8181159501594499
2.49002    0.51909464379312542    1.728245631354395    1.423295415969505
2.50001    0.32396208461257747    1.856268279164855    1.2953876548812229
2.51001    0.58664344600902207    1.3766700124780693    2.6345305765260547
2.52003    0.51219171510302852    1.4436054045636313    2.327556365115079
2.53002    0.43959273080532563    1.5583923219833353    2.489275505095097
2.54001    0.38215631197263594    1.3017574764437192    1.6392138667805547
2.55001    0.36288417340352408    1.1323355113210154    1.6008002759871094
2.56003    0.36760931499466498    1.2323684473727463    1.1466249355692928
2.57002    0.41205012706064525    2.4944990159283607    1.6094325619686589
2.58001    0.41050000795752689    1.1519006850243074    1.6309066720876919
2.59001    0.57824833290994626    1.4811213960665737    1.4938465440917712
2.60003    0.59180491036347083    1.3497069322743267    2.7798374647947117
2.61002    0.59008245896310163    1.4558904085433291    2.2336503029995263
2.62001    0.38549664491578051    1.5670117588448313    2.1215238238028973
2.63001    0.40356699576152877    1.7434974377348906    1.9064378919331242
2.64003    0.42230578580494854    1.8044008920310488    2.1140260416130707
2.65002    0.36845609374907434    1.9303491740635621    2.5314656818958787
2.66001    0.55234668825627964    2.0612353301285755    2.300145721161825
2.67001    0.3275579574043167    2.1970593602260884    2.0524852117412715
2.68    0.33758473935875072    2.3378212643561018    2.1564469856398376
2.69002    0.33469795346042835    2.4839204370469044    2.3196887936695463
2.70001    0.36113881315906304    2.6345713988754289    2.1739807041577168
2.71001    0.81130796229226387    2.0272290737762737    1.5559337174424235
2.72    0.60885936364840243    2.1658006278623487    2.0753814920347291
2.73002    0.58810151939468613    2.3097035466007401    1.678513246068694
2.74001    0.46023969548760557    2.0928900369920247    1.6897327886504538
2.75001    0.63553021852738834    1.1867493864861751    2.1860316594948084
2.76    0.47990488032479856    1.1469889457322393    2.1007232219318124
2.77002    0.41593573211839313    1.2482676894641402    2.3271697160421096
2.78001    0.48331142363001839    1.1006088583730933    2.566575270180036
2.79001    0.51594417207480237    1.4684330742194398    2.0329885015055624
2.8    0.58101321205455958    1.334576930390782    1.7430050782955668
2.81002    0.42949996945810159    1.247624243423832    1.9299395092464946
2.82002    0.47243763845723608    1.1151983669183019    2.1444988385984809
2.83001    0.46815739147002566    0.92977791770940243    2.3035827447087378
2.84    0.44118998749212307    1.0039562205194319    2.5140354011286776
2.85002    0.42645323030407717    1.08905459488514    3.273889735844429
2.86002    0.3898143953812252    1.1233665373741966    3.0148588735827224
2.87001    0.42264938176460443    1.4964382900354807    3.2885656151035927
2.88    0.41674171901093737    1.3215514591298161    3.5703166968023545
2.89002    0.43079813568051684    1.1372466073064857    3.5909844200958463
2.90002    0.43084971804776073    1.705091063214023    1.6632347704415216
2.91001    0.4529293948893312    1.6978036463768489    1.624083070059585
2.92    0.37152089022652046    1.3548102673865037    1.7928310647201189
2.93002    0.41767521128371504    1.4374360024860429    1.6523332779290005
2.94002    0.70829461004129646    1.5247841542437015    1.9367780005280437
2.95001    0.39996543920160332    1.6096326917559038    1.7024487521132001
2.96    0.87244216457145229    1.1195695777532377    1.6848412666898038
2.97002    0.52624957115368054    1.1379318273106662    1.6537368648853108
2.98002    0.43191722865687582    1.2378258726349802    1.8403288950848504
2.99001    0.3875118279195236    1.4314635002090847    2.0404704516295471
3    0.34506316498405004    1.3927828176188655    2.2541615345194006
3.01002    0.36427448971006504    1.4590937690086059    2.4820329621728079
3.02002    0.37794822287131641    1.1660830333698262    2.7228596193873296
3.03001    0.35740807489751303    1.2716484593627584    2.8273992594506243
3.04    0.37109463955597549    1.3821517593881909    2.830938101647277
3.05002    0.49137310177958976    1.6400489883086018    1.8347460400006528
3.06002    0.49777033789068564    1.764851321943588    2.0004806993634014
3.07001    0.48782828885655993    1.5245409722366179    2.2169697669656854
3.08    0.47161861878591277    1.6377557652025776    2.4470083609131268
3.09002    0.40375770596627458    1.7562335757558392    2.6912713629962437
3.10002    0.42444457905097716    1.87933742642031    3.0819118864711261
3.11001    0.79349197099392921    2.0073791511172807    2.5381997227026805
3.12    0.78639536560205803    2.1403587498467518    2.5221683202194893
3.13002    0.78893097347143715    2.2786546405725905    2.7781144467823276
3.14002    0.80976740852454532    2.2333164698004055    2.6603187707827249
3.15001    0.57365027889192655    1.7752181781210743    2.7542954260314252
3.16001    0.59652858829912758    1.4968874159147578    2.2675891565490631
3.17003    0.47758837956611883    1.3387654995714269    2.4820166263230337
3.18002    0.55111457585148182    1.231633061753509    2.7094354653298378
3.19001    0.5605007602364841    1.3900784173137049    3.4803237031850798
3.20001    0.75081290171407911    1.3676223852913107    3.2272746496867635
3.21003    0.58115429295970333    1.576532095689313    3.4968431051202242
3.22002    0.50654308217332167    1.6036302708756265    2.005659618993151
3.23001    0.42827472534661426    1.0473107753151947    3.9524931876550244
3.24001    0.44831207480030955    1.1104651482774279    2.2538386783582331
3.25003    0.36910744958988967    1.3045483861874816    1.7027485675222467
3.26002    0.37299289888577164    1.3142515379662005    1.7768069951486349
3.27001    0.32918002956286357    0.99406524008187291    1.7533684476530258
3.28001    0.52819179339560085    1.4032575787172827    2.3402831621513402
3.29003    0.57256262425692028    1.0630712981558841    2.8214153522857033
3.30002    0.53373858824911968    0.8724782270463024    2.2860800245557491
3.31001    0.41279423413452099    0.96324721997317364    2.5250429327710799
3.32001    0.78414563821742378    0.99508138634602072    2.1868636228570213
3.33    0.48613537579669697    1.0898238731994307    2.2133248397138141
3.34002    0.50225467568005167    1.2580901496700212    2.5588235723314434
3.35001    0.51984220741731846    1.3596014261563265    2.1823532210007608
3.36001    0.52282623136126127    2.0556676703641692    2.0761198377062349
3.37    0.53403786058295832    2.0152804652306622    2.2782675332062219
3.38002    1.0544614885752228    1.6449479761420716    2.002396705285276
3.39001    0.43175818587996001    0.92374833031562886    4.6853444546860361
3.40001    0.54929924989270706    1.4437991053921739    2.8237353299329158
3.41    0.44417816005195043    1.1334654193301579    2.448104696490919
3.42002    0.45133406667926884    1.0177601510335488    1.7392387265087992
3.43001    0.60741472471131075    1.0145681988960089    1.7758909925024269
3.44001    0.55732817039692106    1.1677626135610162    1.9009842487200319
3.45    0.55002826401321003    1.7446422893156337    2.2580362478058955
3.46002    0.54332841338450266    1.5817725422089057    1.8038898020329071
3.47001    0.57330373002344237    3.0075754382524913    1.9585332423175734
3.48001    0.58416282466165692    1.4210172424806313    2.8214817035015773
3.49    0.43065390996408454    1.4677705087218162    2.4965316633491343
3.50002    0.41571770526605917    1.2078167123682209    2.4308379375107423
3.51002    0.4337074775725705    1.5210284505106133    1.9855729948321961
3.52001    0.45231448413314429    1.0548167542397155    2.040033539937697
3.53    0.46484254688482113    1.0612723720469028    2.7107099388792015
3.54002    0.62952736991199043    0.98226939831241344    1.5307638246521167
3.55002    0.5176048011847203    1.1945243461697881    1.5782787233712612
3.56001    0.43917480139904352    1.1305772623550632    1.7256248575717561
3.57    0.38588658145250015    1.0386176933368878    1.4209456095145983
3.58002    0.38220557639099978    1.822902789130501    1.4524357175782046
3.59002    0.49747905458969366    1.8491573556694449    1.7049519038536982
3.60001    0.4036773491992478    1.0726929017924891    1.6666143748638356
3.61    0.41533908698446403    1.056233309895716    2.0202841410404919
3.62002    0.68043821003153004    1.5331648654194845    2.6701045357943656
3.63002    0.6685216266623496    1.1226585986697861    3.2380478635135481
3.64001    0.82292513572843962    1.133242500783372    3.0503936670474552
3.65    0.81616621436757997    1.7272646307592023    3.1022874530126274
3.66002    0.81000880694237642    1.1303426811279893    2.4799623448334778
3.67002    0.53732194946565848    1.6006932841383983    2.4535584818642899
3.68001    0.80833406655959839    1.3529680316184991    2.037850226584069
3.69    0.80781216879255113    1.5258143076980593    3.5473435440551175
3.70002    0.80790859634551204    1.3526108079456787    2.4966312474336849
3.71002    0.67269751715777448    1.2328010998039562    2.3037475010990542
3.72001    0.53087881377336366    1.326516736670184    2.2314471601809731
3.73    0.45274692636917657    1.4345298174934134    1.955830589017318
3.74002    0.42126356046600544    1.5477918951164977    1.7524170368723089
3.75002    0.42480119541582051    1.6656940336382378    1.620913435481155
3.76001    0.42895606461969765    1.7885340461924779    1.6824538048629254
3.77    0.52876723529823844    1.916311932779218    3.9281292503419949
3.78002    0.35302090526209079    2.0493920905748793    1.718903430061463
3.79002    0.35403721801122906    2.18705903486013    1.8535497974981499
3.80001    0.32701747936187353    2.3296638531778817    1.7932282462716396
3.81    0.60259631952562531    2.4772065455281327    1.1585894756668988
3.82003    0.51053183235057564    2.6286361078573233    2.0877400261790102
3.83002    0.61503312282278366    2.6463056990585745    1.1578261403796648
3.84001    0.51935204022258707    2.0622339243294761    2.117603468212867
3.85001    0.59626562246092263    1.3475963667404673    1.9408663632758361
3.86003    0.71980240179461619    1.4129588652537695    1.7772572360192667
3.87002    0.58820200149678004    1.2912886264254613    1.6689035401989387
3.88001    0.54688883060981008    1.2353947205198821    2.1366976105228357
3.89001    0.56841240306750429    1.1844386886467868    1.9052863238310336
3.90003    0.45930724952114621    1.2493099813317989    1.6950663621754296
3.91002    0.40760017102734553    1.066354157672204    1.5898761573495861
3.92001    0.56017499473895138    1.1666513330665369    1.7377143263103978
3.93001    0.56867882688952509    1.6401024140463862    1.6007554208108326
3.94003    0.58654585019053629    1.6411051432481552    1.8502311098068955
3.95002    0.55908103219242555    1.6470497057905666    1.9228975638347425
3.96001    0.56514870884421187    2.7790301340881269    3.2465106990689465
3.97001    0.45542933095467802    1.9509989393696807    2.9678682882695462
3.98003    0.37371507903928197    1.9097377126206685    2.6089986442354149
3.99002    0.40513713312942667    1.0218462873550478    2.2149444674435124
4.00001    0.72571268855829674    0.86404356962384077    2.6426795373711767
4.01001    0.53714436921020769    1.471721554154455    2.3508371857944494
4.02    0.49797053352108922    1.3735792271864209    1.708266949455151
4.03002    0.39703652231283881    1.1435927953682972    2.0651388705715994
4.04001    0.47180465543514366    1.255443799345374    1.9124831154533697
4.05001    0.95021812083032275    1.363045804492039    1.7821647626429349
4.06    0.55663205885377587    1.4755856836712042    1.9721585882555746
4.07002    0.56016528606209637    1.5933867612630437    1.8039377276454163
4.08001    1.0854238783242491    0.96725532601673281    2.0309960335327899
4.09001    0.57137401617102468    1.0609549390362616    2.229556352181095
4.1    0.60773768607433565    0.99973668913688274    2.4416661971745581
4.11002    0.60484724163989589    1.0877372118056501    2.6679521248348173
4.12001    0.60258263332353301    1.0717687260667625    2.9071975441529481
4.13001    0.45122480795404318    1.3090091611579555    3.7622053279177403
4.14    0.47195468341560548    1.1942143670609111    2.8967495534648458
4.15002    0.40590539059856323    1.3811262272757479    1.9030562464981142
4.16002    0.39917908333761232    1.0574503798622645    1.9962120099988179
4.17001    0.60288313106932523    1.1452276665415222    2.1995300188157763
4.18    0.41676763284060214    0.97520323802111464    2.0393095035210282
4.19002    0.48369166816837189    1.1987297613736261    2.861310560348874
4.20002    0.47453271228080135    1.1409645589760309    2.5187144094239278
4.21001    0.66720084325717888    1.3006364860494413    1.880228751037311
4.22    0.54817719033597023    1.3660123029218836    2.4357221658714789
4.23002    0.55114021460887963    1.315362095622399    1.6438955863992601
4.24002    0.55477050218271373    1.2533568131114159    2.1497139228057605
4.25001    0.55895014020989009    1.3120734447784548    2.1308447588735384
4.26    0.48680790234173205    1.3757279504779851    1.7228889930758822
4.27002    0.44396697227829707    1.4445118880848458    1.8694690068491808
4.28002    0.46488087495261254    1.3823366962499635    2.1045475310024586
4.29001    0.48641201188099059    1.332615555011331    1.8424860958508431
4.3    0.55013339635712954    1.2697869882317379    2.1263482398865028
4.31002    0.5680166679615366    1.3790835733910083    2.0615379478598173
4.32002    0.56569886942021586    1.4930308793749127    2.2930187081910729
4.33001    0.5804118259014982    1.6119160593913171    2.5380489948674856
4.34    0.59574201663684312    1.2916428883705706    1.5712209241346977
4.35002    0.60135900348318816    1.2101671618352299    1.6570912985178554
4.36002    0.53472198217886591    1.3159553147385823    1.8595944388238967
4.37001    0.70678434068787499    1.4266813416744348    1.919349773379329
4.38    0.42027343131091199    1.527808764439923    2.8676822147314183
4.39002    0.49157178836873183    1.1125402366629631    2.8879839270996288
4.40002    0.56135448922892772    1.2188426567838886    1.8991765831370255
4.41001    0.45345441644564577    0.91371491282224304    3.3618999747062417
4.42    0.43532158186519654    1.2752974610999579    1.1885718610282308
4.43002    0.5097454203687305    0.95020159488804268    1.3569871520962844
4.44002    0.45047551010100584    1.0411510879158614    1.6781329379318881
4.45001    0.44425358488999755    1.1370384549761718    2.0668687844353855
4.46    0.56398211938190723    1.2378636960690192    1.3860705956371611
4.47003    0.47911415524476864    1.3439185597306824    1.995552162792849
4.48002    0.39125201614074157    1.5487117788265077    1.8696002734190651
4.49001    0.60418496027521174    1.5702850313459782    1.9061542515042362
4.50001    0.59450713588013326    1.690875078202376    1.9380226642825715
4.51003    0.58542295775754793    1.8167480220366161    1.5313034965358743
4.52002    0.65291505213941925    1.9472271265915249    1.4144102390645503
4.53001    0.56915680764607612    2.0826441051789337    1.4376327537822091
4.54001    0.56194958397143235    1.4299824390693587    1.176528674606677
4.55003    0.5001171407214956    1.1221921277288978    1.7797953651205687
4.56002    0.5066233457699606    1.6997270455240916    1.4134267025271972
4.57001    0.70091518638699746    1.3516829459847095    1.5086307733449396
4.58001    0.39410251818585357    1.3528942648513869    2.2060705703261769
4.59003    0.43967129031655877    0.97186600290664693    1.8686695682765655
4.60002    0.47662038471058793    0.89866269632053819    2.0790567811370932
4.61001    0.46712920650093043    0.79295403859303215    2.5314259769279701
4.62001    0.45825526254533439    0.94201486770713683    4.2172649611323791
4.63003    0.37172549616846901    1.1190535850718895    3.5606172304450969
4.64002    0.36868831429196658    1.0170153175172878    2.4998172329959316
4.65001    0.35527473108465679    1.2793227841930523    2.7484286376643268
4.66001    0.72533921447441885    1.679922354383389    1.8293799601280059
4.67    1.0410343888239231    1.4355925795361533    3.9091662560456384
4.68002    0.45744343808773508    0.97777723792402405    3.6071636033550276
4.69001    0.47580158040299481    1.0733325255616113    3.3195405729146525
4.70001    0.49477695697231688    1.2768441963054222    3.0454670688196077
4.71    0.56326434454556851    1.2843138639946938    2.4254580071590168
4.72002    0.53463472094338205    1.7667148196695655    2.1955691224364648
4.73001    0.55546346397908064    1.6468297649444483    2.7544112567475438
4.74001    0.48985041581327837    1.2438565776311177    2.2746636544543812
4.75    0.49965598071708728    1.3537656837282745    2.0164209409525351
4.76002    0.51010770776751024    1.4689288972055397    2.4464863332276097
4.77001    0.40259772618171247    1.5887270610012074    3.1490664420862875
4.78001    0.46958154954152226    1.3931175564249965    2.7549368622869559
4.79    0.46090934456835497    1.3702790615902427    2.5846162782624993
4.80002    0.46550620802487225    1.2215094886782099    2.4619658425318041
4.81002    0.47003857957813977    1.330349935327428    1.5074440901365107
4.82001    0.35164868982394881    1.4441282560091464    5.2085232590863511
4.83    0.50720203223588667    1.5628444507233645    4.8066373637221327
4.84002    0.76658221259862114    1.6868384916010255    4.490736342365647
4.85002    0.74075211208707159    1.6312078533353689    4.1852554710079497
4.86001    0.50329603877033402    1.7313370538151995    3.7700486238871447
4.87    0.41673608198344386    1.6264968051529578    3.2791762186395021
4.88002    0.41138819186009801    1.5663438732120045    2.6363723945667896
4.89002    0.40813129624082251    1.653958336846415    2.3874425392478078
4.90001    0.73945365523661477    1.746510674513317    2.4017120519694939
4.91    0.55893358788665182    1.6050078256565539    2.0890437130691053
4.92002    0.54953807335779259    1.7046913333642024    2.309920939100031
4.93002    0.57314709491372917    1.8090514035026002    2.2192558367353947
4.94001    0.63356786909054286    1.8004291348313735    5.1346691813947807
4.95    0.55214637255052024    1.2121078740439402    4.7295883281955184
4.96002    0.52685385865481538    3.1146593563960869    2.942846175184378
4.97002    0.48940159154718971    1.0706907513394175    2.9416720625016666
4.98001    0.65698833487231545    1.1731156814830912    2.4845925806222553
4.99    0.48871326139826665    1.6215755685484092    2.306832839267527
5.00002    0.51195471558412797    1.4973759742901096    2.5527560778155332
5.01002    0.45803178877512157    1.4558204890238244    1.8218002800467863
5.02001    0.4740472930572967    1.5652318357012498    2.769507574115079
5.03    0.45042596856026001    1.6795810564111753    1.9890915566169358
5.04002    0.54658078768799034    1.7991963524651251    3.0522418094818438
5.05002    0.43655104818591933    1.9234346308735615    5.6366262868510706
5.06001    0.79785273427490533    2.0526107833144978    2.4458735463289738
5.07    0.62435453100875038    1.6188233665128664    2.6963368979799744
5.08002    0.8250330074114518    0.98168622289924345    2.9610797110219162
5.09002    0.48046757462514783    2.3840791303855577    3.238678636997725
5.10001    0.46881803721705151    1.1145404396357743    3.5298270893188084
5.11    0.51686996747574054    2.0467738306867749    3.2577241181584329
5.12002    0.53424650887108982    1.5538091149934421    3.5533032225309134
5.13002    0.55593779392709519    1.3510881252654314    3.8616555465808782
5.14001    0.43955130209293819    2.1240786621670962    4.1835573969760231
5.15001    0.51166510656045316    1.5333477015939008    4.2820046206170419
5.16003    0.52407300918212185    1.5988408914033994    3.9745985066993081
5.17002    0.81142631084991013    1.7196778360564111    3.5699857566698801
5.18001    0.55598785584075827    1.845452654741923    3.044692011236918
5.19001    0.66863677759135631    1.9761653474599348    2.4498326964968431
5.20003    0.4680293374070752    2.7966461536402512    2.0793925537488458
5.21002    0.44774638475262601    1.5210664875368507    2.3030727982821873
5.22001    0.44799163500314548    1.4108771425088269    2.0895039663613009
5.23001    0.39851211398655667    1.3056256715133032    1.8738802690589251
5.24003    0.50983739218774449    1.4936971707205118    4.1310518093981861
5.25002    0.47994438604594192    1.4397683491542057    3.8111094101258125
5.26001    0.55980250363883188    1.390777401620376    3.3818344602200154
5.27001    0.67930795875839922    1.0752888569678463    3.10425126450503
5.28003    0.55100195736760205    1.1555853762544346    2.8395242241235361
5.29002    0.54661648220326464    1.5300828988275228    4.1325474966769047
5.30001    0.58507235580311412    1.5470134080852316    3.8169596128837733
5.31001    0.53969723463677599    1.4417096406724872    3.514921255435822
5.32    0.49499316660919462    1.5565136659572811    3.2625634969421764
5.33002    0.50675625493359777    1.6765849924744411    2.98664651964644
5.34001    0.41208870357468136    1.8012780754577458    2.7250390418176926
5.35001    0.42111535196598748    1.9309090324735503    2.5036342929289677
5.36    0.45737538224153323    2.0654778635218554    2.7629265706552677
5.37002    0.48229551795174747    2.2053672702115921    2.8189126037266403
5.38001    0.58868878811130576    2.2537428951072673    3.0917206219064655
5.39001    0.65454229715062584    1.6926968207061444    4.1273870456571293
5.4    0.67719573600777483    3.579837843408832    3.3198182956180964
5.41002    0.60266116374487244    3.5554052502426257    3.3866877861252305
5.42001    1.4310450970345321    2.1180639850170198    3.6751119187108205
5.43001    1.4356481806295982    2.0904897481058762    3.873238168000086
5.44    0.50588396475653874    2.0678533852272323    3.6924486851906857
5.45002    0.45945691049649678    2.0501138643136616    3.9934839340656731
5.46001    0.4764693016553071    2.0373665591335164    4.1192305741266813
5.47001    0.37954028802511358    1.686351964678263    4.3231664669887699
5.48    0.3666561040585754    1.8115691819122988    4.4561605801204074
5.49002    0.48208097361787988    1.9420817682815279    4.0015374187341148
5.50002    0.52310785217308686    2.0771880432140741    3.7263284449471374
5.51001    0.98151362109568807    2.5590408463277621    1.5785552703877332
5.52    0.53193300902422391    2.0497338766592539    1.4248480707866744
5.53002    0.97269147221156904    1.3205529759589971    1.5033109559735358
5.54002    0.54324398998875123    1.2694946087197974    0.96215101940219372
5.55001    0.44028867759170903    1.3825174579828261    0.8071965666523736
5.56    0.39992565919173823    1.3719149489076343    1.1544273050722176
5.57002    0.38616159309649772    1.2603919626386144    2.039820833852529
5.58002    0.42292444887821096    1.1541132981926914    1.1433036074405063
5.59001    0.35022732149065955    1.0527725077793    1.1304654186702816
5.6    0.42003478409479161    2.2007800307556407    2.2339351622629002
5.61002    0.39757006596365529    1.6290121945731078    5.2297016388492983
5.62002    0.48053743542648142    1.3164918508329382    2.9598037006375586
5.63001    0.4715465178064086    1.2176658674292009    2.5886207232888707
5.64    0.53405845333600199    2.7463379411758657    2.3923138629685257
5.65002    0.59954829989271763    1.0747074732165904    2.7475115225568185
5.66002    0.54821883734964538    1.1575351886179095    2.0191375094578534
5.67001    0.52454068914183183    1.2453007780517205    2.0177479400869158
5.68    0.52113413194419711    1.3380042415180231    1.8975485088869801
5.69002    0.54170371513357418    1.4359154359691944    2.5399413934464277
5.70002    0.56283606985064216    1.7510543031020855    2.3620967524596481
5.71001    0.5845856588217726    1.6880964948103294    2.6144008079970638
5.72    0.6069524820469655    1.7585066215613379    2.8802543898796373
5.73002    0.6299993252579148    1.8762358961851655    3.3990233842609783
5.74002    0.58779200276873533    1.998593223113561    3.4534180724611816
5.75001    0.43892400645283453    2.1258884240744567    3.7599567550138624
5.76    0.42757131041038027    2.258121499067852    4.0800449639117247
5.77002    0.75320002252009066    2.3956688538642563    4.414600302279382
5.78002    0.57535638980707837    2.5377909865561628    4.7618240855019573
5.79001    0.4894723308183157    2.6848509932805698    5.1225973950697128
5.8    0.47151756136939227    2.836848874037476    5.1536595270567815
5.81003    0.78098884656223544    3.1877434275901515    4.4699558763295348
5.82002    0.81148532742056889    2.7836210941400625    4.81492982300131
5.83001    0.67894923597727119    2.7155783831054912    5.1734532960182653
5.84001    0.65122740410778246    2.652473546103411    5.5455262953803999
5.85003    0.81267378972474058    2.5941564716213259    5.9322065449413479
5.86002    0.59756488271486152    2.5409406923177396    3.8707838043424934
5.87001    0.57169641731174281    2.492662787046628    2.1943160388784033
5.88001    1.0516468424415035    2.1913453752389453    2.4848619093093651
5.89003    1.0532017221133008    2.2018291178077427    2.4627510155118406
5.90002    0.82757424196060014    2.2172292071221098    2.4201011256594889
5.91001    0.8094289748012311    2.2375671704689704    2.4081068647775807
5.92001    0.79590079752590071    2.2628430078483279    2.4096621302408359
5.93003    0.77367330897641351    2.2931448305896844    2.4248259458115138
5.94002    0.75212363784638825    2.3283097256675469    2.4535167855994486
5.95001    0.73119120097042567    1.3553335884558251    1.8194394429631213
5.96001    0.59397714386388734    1.349185919584944    1.9957935286741031
5.97003    0.82608111784319271    1.3479795365982943    2.2013921214268581
5.98002    0.83427738308507016    1.3324067890158529    2.4200058169528273
5.99001    0.83785057653491468    1.3647217565226906    2.6521690388239536
6.00001    0.84204100423882122    1.4292756690222688    2.8978817870402374
6.01    0.47628626414748998    2.1071505656712466    3.1571440616016777
6.02002    0.65756334676133976    1.2046895088211791    3.4307095143274591
6.03001    0.65154887361089064    1.1434219665275012    3.3182657050969939
6.04001    0.52582077362437052    1.2839815987135843    3.5963269786573964
6.05    0.69782066374669871    1.3505477676316033    3.0268400069188819
6.06002    0.72581662274766212    1.1187468207715356    3.0460349843286436
6.07001    0.63449678695252187    1.0031498117720272    2.5085849194628262
6.08001    0.65715859920436626    1.2957990994487905    2.6478132108962606
6.09    0.6804376457102731    1.1131427114614398    2.8847468887402066
6.10002    0.87648938503150542    1.1691922017397409    2.2242216576402409
6.11001    0.61541805073757527    1.0674651060216149    2.637901893419865
6.12001    0.60491176197138141    0.82080492496291768    2.495306275020392
6.13    0.63426495451763354    1.4361478401936323    2.3356858194432983
6.14002    0.53606385644255761    1.3401293018965217    2.5556747927420869
6.15002    0.52923745706893754    1.2493134067989187    2.7886401849954177
6.16001    0.52302829194937739    2.586249304984749    3.0351551035939051
6.17    0.55575478662803357    1.0824952387011884    3.2952195485375499
6.18002    0.57623409015942439    0.92041615253669362    3.5695893338298679
6.19002    0.59727640790575864    1.8974458564676941    3.8567893530984314
6.20001    0.55731800917579766    1.8722699480124039    4.1575388987121746
6.21    0.58328454076922354    1.1759909767606507    3.9912440136253253
6.22002    0.60994079506637722    1.2713212518975172    3.8018402987609252
6.23002    0.63714345887211288    1.353363639438308    3.5218185667349036
6.24001    0.66496335693190878    1.4493279854265713    4.050963033388987
6.25    0.50750929734884553    1.5502302054473727    3.1526848471180093
6.26002    1.1116232218873521    1.2008538924255066    3.4212671843521973
6.27002    1.1140033036940407    2.1201649223571137    3.7168342998522093
6.28001    1.117000619754791    1.3719394258225217    4.0259509416974018
6.29    1.1206151700696039    1.3838967794007302    4.3486171098877735
6.30002    1.5889938598494624    1.4905132856514767    4.6388219187312139
6.31002    1.5829764611617301    1.6017877172400521    3.4126074893590381
6.32001    0.94236965681031926    1.7180000228611274    2.4412491634238118
6.33    0.64452291432559472    1.136671398541816    2.3147064563346684
6.34002    0.64907287813006753    2.1144656386198091    2.2014270217989034
6.35002    1.1317967796313473    1.9749959616511585    1.7591857530633213
6.36001    0.66000171003439601    1.8404641587150075    2.2627617395272939
6.37    0.66639197736765132    1.7108702298113567    1.9619744017523602
6.38002    0.67341920119369081    1.3238393403658415    1.7404466432999932
6.39002    0.71970714504546296    1.2465382981981163    1.5330821767369824
6.40001    0.70637100665349584    1.6389776238881315    4.5363805130287407
6.41    0.69365210251559417    2.656678730305051    3.3604632945252049
6.42002    0.68151864766975434    2.4804799506217119    3.1037243290230738
6.43002    0.5765217740350348    1.8721335876697789    2.4258658232921158
6.44001    0.52992341559169176    1.8513474506859229    2.4522038058519908
6.45    0.52120246648077384    1.6673902830727219    2.0160790945071541
6.46003    0.52917094359478323    1.4698124198847116    3.7476669888950318
6.47002    0.51002381888015824    1.4396820841695144    3.4883510540544305
6.48001    0.50820686848821295    1.4543050463402158    3.2425846455589866
6.49001    0.4621001299385229    1.5328495082939986    3.0103677634086998
6.50003    0.44902583793921119    1.639830325808131    2.7911293177604017
6.51002    0.47259760184584637    1.7514680893287391    2.5860480099347827
6.52001    0.93352340676494572    1.9139747227846611    2.3945162284543211
6.53001    0.84632901503315006    2.0373475852845355    6.740060383322251
6.54003    0.8274787894775999    2.1660108456130431    6.322262597237315
6.55002    0.74680761052794731    1.7646183690846329    4.9882639311889454
6.56001    0.72465243581296845    1.2935983727535361    4.6580142005062131
6.57001    0.68760701073280717    1.3979509997076942    4.0733646391015599
6.58003    0.42931017034488966    1.5075427570092299    3.7708198586442023
6.59002    0.45226334961926534    1.6217844416618989    3.4826561577697865
6.60001    1.0901734856668293    1.7409640003470679    3.2080419832406935
6.61001    1.0654756066189    1.8650814330647369    2.9469773350568436
6.62003    0.78638133594732396    1.9944912705388496    2.6988133665932215
6.63002    0.56203798001232097    1.9412452856260258    2.456274314590857
6.64001    0.43367075471955491    2.0761161254649787    2.3867614441911917
6.65001    0.44265232841346436    1.6085731435420221    2.6346565301979559
6.66    0.45993853267344414    0.93886122359942692    1.8395969787536808
6.67002    0.4793149348019744    0.92777947400349692    1.6606742051175001
6.68001    0.48875673781395462    1.0382815975270725    1.5197004855639915
6.69001    0.66799852614718458    1.2904797483461681    3.1977315968640476
6.7    0.40324919820159688    1.1193086811196895    2.9745611993351546
6.71002    0.4050861952374436    1.0290507597393914    2.0112839752975051
6.72001    0.3791548929254312    0.97267718670796088    2.2021153594433569
6.73001    0.38672605607228255    1.0513425199025759    2.4064962699343662
6.74    0.42899000280178473    1.4106243526762319    2.2763305724275193
6.75002    0.49607256113988357    1.2237321363490994    2.2444763868167787
6.76001    0.51528582297150416    1.3172244012747005    2.2171986911693966
6.77001    0.48457732191205782    1.4156545402327958    2.0981804964421786
6.78    0.71267357805968246    1.5190225532234694    2.9543327205625851
6.79002    0.71393059769053036    1.6276270426155275    4.8361780068327844
6.80002    0.58367570672826408    1.7408841133047115    4.3172567362059606
6.81001    0.59714373397672837    1.8590790580263961    3.982024485242353
6.82    0.60621635309845134    1.9822118767805801    3.6603417606239264
6.83002    0.84931297887699264    2.1106344463452151    3.3513963246841469
6.84002    0.87554228486311225    2.2436563227979103    3.425017841001285
6.85001    0.8670537684462597    2.3816160732831055    3.6809126019859302
6.86    0.8591824862834686    1.178790385620925    3.9503568893157319
6.87002    0.85190971977924135    1.2864984471053045    4.2341317995884111
6.88002    0.69119075794424101    1.3988614996392501    4.5307116612431475
6.89001    0.66313997281987602    1.5161624262056956    4.8408410492430631
6.9    0.63570642194957128    1.6384012268046411    5.3847491739397553
6.91002    0.72679032947536792    2.7386527891987735    5.5026756858543919
6.92002    0.70091359599684944    2.3665378884221511    5.8534901745242021
6.93001    0.67565409677237531    2.2242458855857801    6.2178541895391914
6.94    0.66088670948091177    2.0868917567819087    2.6283021566551223
6.95002    0.62692287768465227    1.9541252576360406    2.4261868506232576
6.96002    0.60351674492652785    1.8266601865306802    2.3846132217098224
6.97001    0.6277051275010106    1.7844888658902003    2.6129311258840451
6.98    0.81330719593923873    1.586543666417459    2.8547985564034257
6.99002    0.53694448807675399    1.4735952474441678    3.1109222787150106
7.00002    0.51600895603906849    1.3658949821023183    3.379925283559059
7.01001    0.49569065825544545    1.2631325907929762    3.6624778147484967
7.02    0.47261857974965232    1.1996935643159421    3.9585798722831251
7.03002    0.46199936874997066    1.0974218339970583    4.2690844065884583
7.04002    0.57460971421431495    0.98424227513728779    4.5923220384478007
7.05001    0.55851679738023019    0.94361262313242733    4.9291091966523224
7.06    1.1580191605618286    1.5812491245627558    5.2794458812020251
7.07002    0.55109178318687024    1.289105792460024    5.6443312275009099
7.08002    0.38637100035916233    1.0245261022098942    5.8277772284967861
7.09001    0.37129612907271875    0.99235940367211573    6.2126269908047362
7.1    1.1251782384298794    1.2661937976487927    5.1369748522863903
7.11002    0.79270377532326342    1.1645592775791136    5.1958992213779416
7.12002    0.7232805390569943    1.601508862810044    4.1025701716800782
7.13001    0.66258301518326668    1.7176032847283076    2.3599454211893218
7.14001    0.66611273009572647    1.8565938514395246    3.7325157005249423
7.15003    0.67027169111708829    1.9780140477763557    2.4620676908051866
7.16002    0.60749228505219133    1.5507477547710444    2.6588382015040661
7.17001    0.58415502332532743    1.6277088896146006    2.5976050316041115
7.18001    0.67567135332395978    1.0614808196243879    2.3820230012883674
7.19003    0.66695541350669196    1.304036502207218    2.1656638505375509
7.20002    0.6588809697413256    1.1944787448093903    1.5018527885863726
7.21001    0.62138076704358969    1.0492411987682353    1.7231901726524357
7.22001    0.61578236647530604    1.2106319754231212    1.9323953041681134
7.23003    0.6107886079310707    0.98322973743352005    2.1686441899438313
7.24002    0.60642633957509995    1.3909571526325257    2.4178257852319485
7.25001    0.60268130547319121    1.2767759837640327    2.6805569068652231
7.26001    0.47362651912212839    1.1679569239733611    2.6185953333647762
7.27003    0.48078973613689269    1.2396076652211971    2.7311907927537171
7.28002    0.48855176329809585    1.3160103257987967    1.4542458330210566
7.29001    0.6262216948382725    1.400227638807559    1.3901254829327705
7.30001    0.62781162384482025    4.1250771590582929    1.5678696006645736
7.31    0.63001878710542969    1.5748455517265461    1.759163244741534
7.32002    0.63285163164569069    1.6712655568129282    2.2728406639994314
7.33001    0.56997503772330282    1.7723708971865473    3.9540830445627977
7.34001    0.61746405445738495    1.8784141115927016    3.7484785478702758
7.35    0.46299192417813578    1.9893952000313557    2.6605130973673834
7.36002    0.45742468024870303    2.1056332852903918    2.6630316857985128
7.37001    0.38506107044257581    2.2265034314275569    2.0058308379023186
7.38001    0.49394617925388157    2.3523114515972221    2.1262783530956884
7.39    0.49092469684144985    2.4830573457993874    2.0166634973118533
7.40002    0.4733514111642052    2.4392673597384826    2.1235065240882185
7.41001    0.91993492819874323    2.5778355891749154    2.1475704698624032
7.42001    0.39991416276399194    2.7213416926438483    2.1673366201454085
7.43    0.41215400011922027    2.7734478567079313    2.2006522967735762
7.44002    0.59947843237980836    2.9333131723901635    2.2476621310864302
7.45001    0.59263598377168158    3.097693271449387    4.0815703281216669
7.46001    0.58641076941761472    2.0812324957108106    3.6031806527654644
7.47    0.58080278931760865    2.0860983945317928    3.4353496072004588
7.48002    0.92678946594361467    2.0959352654032917    2.5621209770415501
7.49002    1.0376827598828822    2.1106902219227721    1.5594410035085446
7.50001    1.0034008138109434    2.130383052474746    1.4828868407710971
7.51    0.96973610199306493    1.6579763024008161    2.3532048755716808
7.52002    0.93660038176459826    1.5217723904909981    1.9987117164291792
7.53002    0.90417180215902948    1.8463487404881616    2.324945881521852
7.54001    0.87236045680752117    1.7366732714986668    2.1555151694827432
7.55    0.84116634571007332    2.518392276727984    1.755581595836065
7.56002    0.81050788550317032    2.3720655404094204    1.5155203015512151
7.57002    0.78054990661803214    2.2310766843818288    2.7599869065256044
7.58001    0.75120916198695431    2.0950257023867374    2.2235843273087417
7.59    0.72248565160993716    1.9639125944241453    1.9715569137152447
7.60002    0.96884794094517679    1.8374039382781586    4.2189528143982713
7.61002    0.84382484866371921    1.7161798880140779    3.1518443512257535
7.62001    0.82408309842102478    1.5998937117824972    2.759458641711328
7.63    0.80495858243239282    1.4885454095834161    1.3676804879279914
7.64002    0.60629695640475434    1.3818548336100065    1.5592404822491068
7.65002    0.55193669696284342    1.280395589109466    1.763853317511263
7.66001    0.54030343688097315    1.2966437265867168    1.9820156791185766
7.67    0.68024388125874558    1.3357264169443601    2.2577531407620453
7.68002    0.86116558113790431    1.4443210777971591    2.2946409197154005
7.69002    1.1283202914228219    1.5575683463678884    2.0605984041503653
7.70001    0.58907332234154108    1.6757534889711181    1.8401054149304878
7.71    0.6028015007755122    1.7988765056068474    1.6331619520557672
7.72002    0.61718641443838995    1.6303066583526338    1.4392650481069593
7.73002    0.63215072508467485    1.7494527207940473    5.9884032431147274
7.74001    0.92818738969471137    1.6189897535754005    4.6331952323048862
7.75    0.89530723280707503    1.7423450822587947    4.2053464664792424
7.76002    0.86295818221216625    1.8709907615098611    3.8656868038100476
7.77002    0.83131415753683957    2.0042351478917659    3.2983441314359916
7.78001    0.80028736711557324    2.1424174083061707    3.0084549443269846
7.79    0.76987781094836738    2.2855375427530755    2.7321152835632714
7.80003    0.74000602037502228    2.4340013021767191    2.4686351299792575
7.81002    0.71083259642012608    1.9983785992791274    2.5891089513557239
7.82001    0.68227640671929035    2.1399879926979257    1.9837764834465603
7.83001    0.65433745127251497    1.3963758308560972    1.7616714496979475
7.84003    0.62694292072073388    1.2537252967746948    4.8187688463617047
7.85002    0.60024009748626828    1.3589782480361758    4.4707449536929529
7.86001    0.48663341153432971    2.4405531323559373    3.7120701910382943
7.87001    0.46912476058202285    2.2969516221964912    2.9054327941419618
7.88003    0.46198305195603828    1.1942791627841456    2.2492843902504434
7.89002    0.4634155570560915    1.1566922546035712    2.028948953860394
7.90001    0.75874407948240918    1.2388807439803087    1.8221630438155021
7.91001    0.67108836498809876    1.3260071073895379    5.1362288443448074
7.92003    0.82988838685598809    1.4183261691689266    3.944009613708618
7.93002    0.59428188525807457    1.5153415902766498    3.6299822190838849
7.94001    0.75722429744008735    1.7692344161430527    2.8541008714145337
7.95001    0.74362762970191387    2.6835219813334228    2.6939992185331976
7.96003    0.73061404531617224    2.5268230521445627    2.5470703828257339
7.97002    0.71825350979032154    2.2181071288691752    2.2435306825065631
7.98001    0.70691356570747887    2.074821524316893    1.7555036673404123
7.99001    0.69538414150080718    2.201477499253206    2.5418533697237962
8    0.6917239328197573    2.2088208641107498    2.4055177153367828

















