TIME    E2.5    E5    E7
1.00001    0.33601450501049579    0.89219960524596187    0.059343199882588772
1.01    0.56885144331267001    1.5715459601146149    2.9799280343740877
1.02002    0.55148283998024361    1.4872193378964114    2.5735983134947245
1.03002    0.50942600544141237    1.2077399208911188    2.4487559529756489
1.04001    0.52143569341335272    1.1157270769954073    2.1506452235823801
1.05    0.4966995576871987    1.0286521071321872    1.9886593194507709
1.06002    0.4725164797932932    0.89893110382255936    1.8830982529051294
1.07002    0.44901647627945301    0.85026788954422539    1.808423344710167
1.08001    0.42613370701967529    0.78351719183434976    1.7818911339922032
1.09    0.40386817201396014    0.72104467322034316    1.6997221073557618
1.10002    0.3821623541416268    0.83521922294869377    1.8591842020863643
1.11002    0.36113295134822543    0.89324087183253809    1.5833753212524906
1.12001    0.34072078280888662    0.85181277543873013    1.7284267190663554
1.13    0.32959767980246757    1.0994028631245056    1.6771355217693746
1.14003    0.34712045739064024    0.83246323315989124    1.6381016879807115
1.15002    0.36521419684414147    0.73790385868740105    2.4230502750462235
1.16001    0.30778684038145337    0.77635419901577474    2.3850258818810044
1.17001    0.32311010172144611    0.8422858632665311    2.4280343263808915
1.18003    0.3390943977051864    0.90275453829447927    2.3263365558136884
1.19002    0.35565379125749297    0.81446145499798439    2.2030035832142429
1.20001    0.372830419063862    0.8874697770381651    2.1804416781523419
1.21001    0.39062428112429354    0.74119751613143259    2.2337763369734609
1.22003    0.40908583712960594    0.84430965629943899    2.3062393498030591
1.23002    0.35206630518369603    0.94714340910894446    2.3813293461458249
1.24001    0.38261745623908938    1.0713555963458088    1.8820547806001313
1.25001    0.38406423335268464    0.8307033479869923    1.9769594599024745
1.26003    0.43215193545915026    0.7570154994168905    1.8030884432233125
1.27002    0.31483282530021989    0.84620083950135827    1.6408816934307853
1.28001    0.32260228942253405    0.76466354488294241    1.6851604747948059
1.29001    0.33098898779890973    0.68806412429701835    1.6439745957001834
1.30003    0.34001802388382002    0.7510680554074195    1.5978968737408474
1.31002    0.29265604976393644    1.643629173043786    1.7457876791644598
1.32001    0.29161336719194536    1.4037008895386289    1.5636835991347871
1.33001    0.3610189378784045    0.7535108573308078    2.2386915136614971
1.34    0.52706815056355227    0.61873899308812441    2.0884040329085098
1.35002    0.53747657998601661    0.66924330995487313    1.7963819244267405
1.36001    0.54847509586565191    0.66172804291008325    1.7479197926210288
1.37001    0.56009084599934855    0.67493050271391075    1.8021641233467576
1.38    0.43205173292294913    1.0717183925920932    1.6732071905401102
1.39002    0.42367467644394735    0.84487190379163302    1.6199795428135548
1.40001    0.41593820504013096    1.2356984900516363    1.9823389984690494
1.41001    0.31890877344057289    1.1143501931336202    1.6662751937938485
1.42    0.33198872786516043    0.64409077160485861    1.6054775672605501
1.43002    0.57429238885505274    0.76658819442895743    1.6181223290107503
1.44001    0.57211392809689932    0.68000208376262716    1.5617595255083405
1.45001    0.39800900134605255    0.83068550308402211    1.8149139995616217
1.46    0.3853518611701432    0.75559704998823118    1.5346352279472375
1.47002    0.3434352702525536    0.74762143069586318    1.5926165280023699
1.48002    0.36370988488828387    0.79405720936798507    1.7574689234958354
1.49001    0.38460173377807666    0.82709021962289153    1.6663809909752467
1.5    0.40611081692193191    0.80054906507685075    1.9571021351035283
1.51002    0.35025586346953325    0.88770612059878462    1.5979721279374763
1.52002    0.54881373515088971    0.97957341180996016    1.5792390136720129
1.53001    0.53657217150369307    1.0763785770536276    1.7511484571777298
1.54    0.52494784211055789    1.2713091050960992    1.7054827561328085
1.55002    0.51391191234571609    1.1903030556774927    2.0360272271965969
1.56002    0.50352371516489269    1.2963311925099241    2.0921060728083019
1.57001    0.4937527522381307    1.2724862080477681    2.3055001042826597
1.58    0.46021169545231438    1.3704903893474816    2.5324436621021751
1.59002    0.5458408513256755    1.4737165892812945    2.773603285641927
1.60002    0.60265085113797545    1.581609828279599    3.0276824177861106
1.61001    0.50341783041272836    1.6944409413104036    3.2953110762754516
1.62    0.54041495790514749    1.8122099283737079    3.5764892611101557
1.63002    0.43222359749261263    1.9352542084801021    3.8720296966436307
1.64002    0.41745318620545868    2.0629122532419171    4.1803434558030839
1.65001    0.62525874065677045    1.9479889552545515    4.5022067413077149
1.66    0.39741733802208279    2.0740873614517472    4.8376195531575279
1.67002    0.38983575799689563    1.5777939375265386    5.1875408006845545
1.68002    0.93791807259404081    1.7998164791640185    4.5371065872833771
1.69001    0.96906526280182614    1.7457538612321255    4.8760272834310223
1.7    0.75472861655804735    1.8720717200705677    5.2284975059238468
1.71002    1.0366089116997799    2.0036879147331645    5.5955221409419806
1.72002    0.93324415777645875    2.1398948312701176    5.9751279377595194
1.73001    0.9292547000243534    2.2725587388641979    5.3782791415924454
1.74    1.3241245409666154    2.4187820191474718    5.7386417718739526
1.75002    1.1236084133973481    2.5703572886819752    6.1135800880171285
1.76002    1.0101839025327095    2.7264696266637598    6.5010782926233501
1.77001    1.8331888734590032    2.8364234176292977    6.902126023574751
1.78    1.4579701782202952    5.0575445589273658    7.0355882992308931
1.79002    1.6214777033456282    4.9615747960362881    6.1074858214353389
1.80002    1.5991964477226057    4.870807545228037    10.833507712486846
1.81001    1.5914282049868527    3.1198786137970012    6.1881129844392655
1.82    1.6011174097272463    5.4067035052526391    6.5812923181593082
1.83003    2.1781331400454258    2.7725038105350723    7.4598441272575036
1.84002    2.1488206332959461    3.0767971780905219    6.357903624262482
1.85001    2.1575450103043594    2.7077130153917079    6.0900889163408625
1.86001    1.9530785578379248    3.4868268796546666    5.982866782409431
1.87003    1.2460732204943292    3.2781624901993633    6.3654065448381036
1.88002    1.6531939002213103    2.6502875247952451    6.4347510235940844
1.89001    1.6015634447704554    2.5702721290327508    6.7633611282513861
1.90001    2.1180331576232687    2.6675645484477362    7.0939502261369336
1.91003    1.6753960996619193    3.4286174833276588    7.26634248441942
1.92002    1.3434178058417112    4.010374149738019    7.0518759042476837
1.93001    1.2254270420624809    2.9271135282391323    7.4770099412257016
1.94001    1.2055421396749011    4.3844488597192974    6.4289650958916074
1.95003    1.1874327110215492    4.5926393821173273    6.6113392183189106
1.96002    1.3209304917318059    2.8871244599614307    5.0181338815207051
1.97001    2.0155354004251511    2.250656200251246    5.3860332663870745
1.98001    2.1550767199948333    2.3841850377523626    5.0080627915058367
1.99003    1.4631524126199422    2.3413806702773003    5.3426354554592352
2.00002    0.99355188950220907    2.4865114026405739    5.6898765176933956
2.01001    1.4218687874530764    2.6365800090363476    6.0506671062727362
2.02001    1.2490401755275686    2.2161886675236255    6.4250072211972551
2.03    1.0959533982575993    2.2306185322562371    5.3831486987564645
2.04002    1.4945922686276565    2.8935818500448054    4.7307609005996971
2.05001    1.4660173736523419    2.4483947122971861    5.2009543899593371
2.06001    0.94337372956347365    2.5959756567713712    5.5553872242040372
2.07    0.97398091829651545    3.2946486710588911    3.9182719292908943
2.08002    0.87317725618361752    2.8037127008813032    4.2257022532047932
2.09001    1.1870910224962896    2.5729562706202826    4.5458739386791285
2.10001    1.2247277300262938    2.8830240902794455    4.8795951504986448
2.11    0.89257973076181107    2.6164375898520129    5.0927471463540321
2.12002    0.89301470494401902    2.7347124000193292    4.8459824138375778
2.13001    0.78952089632770761    2.7576557156620094    4.7555751266045716
2.14001    0.68031026699034347    2.6316929993809128    5.1020355813292566
2.15    1.7521727599031476    3.8889890294968432    4.6613809119206149
2.16002    1.7915127552033181    2.5289691301639987    5.0179622670642736
2.17002    1.8313650639341048    3.2693855975374149    5.5370608510243153
2.18001    0.96983994007106444    2.4681737277908105    5.9045805640166096
2.19    1.1323872945374749    2.5454578989485599    5.6321856251416449
2.20002    0.90354807818835214    2.46536667784651    5.9966343041728098
2.21002    1.1731899596717235    2.2559883553729643    5.4768613723944526
2.22001    1.0619041820860387    2.3951370045107803    5.8288410724781388
2.23    1.1733899574817517    2.5392235276810959    5.9380541866207901
2.24002    1.2050488726549651    2.6535057682052297    6.3001266166755396
2.25002    0.96599113450162444    2.8072492071408641    6.6747935209086284
2.26001    0.94556126412924069    2.0447026746521226    7.0630099514868983
2.27    0.80215050790707332    2.182781332213493    6.9630050116660609
2.28002    1.0691810910062884    1.5504734524248858    6.4096421101758558
2.29002    0.78379769940936295    2.1356199717317006    6.3890898476833726
2.30001    0.75707911596673794    1.6342762462164524    5.3903351423471859
2.31    0.52813391874023974    1.5896288163076979    5.2332999921311982
2.32002    0.54056253498464257    1.7060777451910927    5.2992059851975171
2.33002    0.8275269423990127    1.8271581681686799    5.2635921220442645
2.34001    0.85221351950178004    1.9531764651787673    5.3524282115198378
2.35    1.0891064309672431    2.0841326362213546    5.3480781089455354
2.36002    0.60660717547411225    2.2203996452773263    5.5687267758519301
2.37002    0.76440063119577162    2.4510187417922222    5.6479460895863891
2.38001    0.83275457408455922    2.5976000369017291    5.3391298401741887
2.39    0.89595594457798355    2.2351265887965126    5.5275673591937151
2.40002    0.92554031377609358    2.3731182103639274    5.8967792943193942
2.41002    0.73428529737864845    2.5156834155613308    6.2785665114054803
2.42001    0.64590373854530769    2.6631864947912334    6.6739032548367465
2.43    1.5633142597896015    2.8156274480536361    6.6099442539394326
2.44002    0.90866072951716803    2.7764027576147212    6.4638914369935225
2.45002    0.71948503656027885    2.8741539761197186    6.8640117923668855
2.46001    0.59186974320826025    3.028478700558777    7.2776816740854269
2.47    0.60344161509631122    3.0684681578665387    4.8769790979751395
2.48003    1.6875165529789549    3.2343469109024334    4.2763933550732576
2.49002    1.7323621042271589    3.045470826570603    4.5861830276670625
2.50001    1.2010923387737045    2.2631096196744713    4.9095222266060485
2.51001    1.1945791678071536    2.27840833109508    5.2464109518902138
2.52003    0.99451152525547859    2.2987061353548839    5.5978120910549194
2.53002    0.67123604692170513    2.3238939044739939    5.961836390663799
2.54001    0.7436035242434007    2.3540195476256023    6.3394102166178579
2.55001    0.95983188617571813    2.3890830648097059    5.734510377083609
2.56003    0.99303439965146623    2.397227656183464    6.1070232249880796
2.57002    0.88902576572698322    2.5410659634294941    6.4921024814315063
2.58001    1.0827117388031851    2.6898421447080239    6.3252861913940404
2.59001    0.72490220737892896    2.8435562000190542    6.712981361628624
2.60003    1.298662086436531    3.0026424353495829    9.7300121927091769
2.61002    0.73852898669477673    3.1662455483591243    9.8021613798232217
2.62001    1.1927105439749881    1.877517679423135    9.5085002195102408
2.63001    1.452607396368603    1.6516408915627661    6.3693328670319849
2.64003    1.0715832072223186    1.5682900460957689    6.4607493212044798
2.65002    0.82176316917217063    1.5897584263373308    4.4713025710085521
2.66001    0.98695873661267342    1.6537065668627995    4.7967735072324551
2.67001    0.88144150734472682    1.7726302869580401    5.1357939698015382
2.68    0.91271365987638353    1.8964918810857805    5.4883639587158006
2.69002    0.93835104539359804    2.0256451903780781    5.8554886290675592
2.70001    0.97185710325253327    2.1593958422043298    5.2657121348760683
2.71001    0.93313686296592213    2.2980843680630811    5.6265088697760515
2.72    0.96521976304643531    2.4417107679543326    5.6713773756742523
2.73002    0.99800887199910471    2.5906821574192067    6.0480475156894897
2.74001    1.3553158673288872    2.7441976150089684    6.4372728887272581
2.75001    1.3928396209721527    2.9026509466312316    6.8400477881102066
2.76    1.0616306524814827    3.0660421522859935    6.4094429024811888
2.77002    0.98520758008133247    3.0766577512335109    4.873639664883533
2.78001    0.96831914528465424    3.6441464259492475    4.8474843021594056
2.79001    1.3402842140394489    3.4586642409366934    5.0650776368594022
2.8    1.4494359179350671    3.1730907831258541    5.4032599979344926
2.81002    1.157195539841102    5.7638470563529154    5.7559582597790495
2.82002    1.1931554702984033    3.6662307657487103    6.1212761951788535
2.83001    1.3681124508883529    2.6487968780193829    6.5001436569238384
2.84    2.1495390143615358    2.7058331727690428    6.5026922431092586
2.85002    1.2108481787541663    2.8838591445530839    5.7932409366988171
2.86002    1.0206913376829259    3.85297950445434    6.168574875141358
2.87001    1.2887766424691509    3.2306658854137016    6.5574583399290773
2.88    1.3113978433286155    2.7869192156637155    6.9598913310619777
2.89002    1.3346997498278372    2.6936045747541644    7.377013405255604
2.90002    1.6252180497204316    2.8446242354574713    7.8065819707132169
2.91001    1.2073413903618639    3.0005817701932784    8.2497000625160108
2.92    1.0570250733298192    3.1126292009832088    7.6237621441223844
2.93002    1.6093192567532468    3.0719785590515731    7.6414949332284836
2.94002    1.4711369937393735    3.0363817218883593    8.2164844904045573
2.95001    1.5105009664703006    3.187584930497088    7.1378371778127514
2.96    1.3840286362028698    2.5200270939629905    6.9562478823013025
2.97002    1.372809240225048    2.4958863793393888    6.787773485789522
2.98002    1.152083537447671    2.4767550879591873    9.3686228804287346
2.99001    1.2298840509478006    2.2808959778695104    8.9765182111971242
3    2.5631969899227633    2.423846016168349    7.8982529781452984
3.01002    1.4527360536236607    2.5293277153417004    5.5090767386194983
3.02002    1.3588381311698416    4.5126708629479744    5.8419708179973089
3.03001    1.4469121151990427    2.3175240721876893    6.2315805349115303
3.04    1.2619208067398802    2.4540549537420331    5.8850705096789149
3.05002    1.2738791707704571    2.5959116994836475    5.1752739009285698
3.06002    1.284780355986805    2.7423316387365015    5.5467217560708786
3.07001    0.98463866873201122    2.8936894520218557    3.6881054048176956
3.08    1.0131625180981609    3.0499851393397099    3.9587781887837399
3.09002    1.7775478098767001    3.2116599652539009    4.2437849070043363
3.10002    1.7756288532306601    2.9399212547254439    4.38598641050819
3.11001    1.7743271308386821    2.9072992281722612    4.6964502465977596
3.12    1.1694975197190403    2.8796150756515742    5.0204636090325092
3.13002    1.1593417807601822    2.8568141591939664    5.3589546808657262
3.14002    0.93034642596540029    2.849527326319806    5.7101036176251894
3.15001    0.86872623372990576    2.8261618435820957    6.0748020807298317
3.16001    0.93669054134316188    2.3558847119173087    5.412487300781315
3.17003    0.9700979428159523    2.372236506796634    5.7858990670290877
3.18002    1.1309464180793021    2.3383661414283221    6.1718748253686613
3.19001    1.4000600387547135    3.7574315538647931    6.5714001100534141
3.20001    1.0490579639649975    2.6760877800921237    6.4416829964232827
3.21003    1.3576266448739249    2.690701769970806    6.2917365942713408
3.22002    1.101451610942481    2.7925861396067582    6.6530135493138491
3.23001    0.83485091796119759    2.4891813770360112    7.0456045971625745
3.24001    0.91504747459796121    3.5055731852583887    7.4517451713564791
3.25003    0.94594605727901282    3.5016078147987204    7.8725848220964512
3.26002    1.2203166108056975    3.5025976327863115    6.8191972203779425
3.27001    1.2286547018249656    3.7979610040979561    5.7429070683456018
3.28001    1.6004057798359004    3.8036412934036021    5.925181816091813
3.29003    1.755851517238439    3.8142947498823658    5.5446548968705685
3.30002    1.7457868021738827    2.4645889828522525    5.5999557920542218
3.31001    1.2166101350463383    2.4400073929455814    5.9560005409625214
3.32001    1.0637768463365207    2.5073039570107505    6.3255948162160003
3.33    1.0799917275011846    1.9228470207705117    6.7087386178146584
3.34002    1.096870046597533    1.4331539150123624    6.6857356508754968
3.35001    1.2371523859901585    2.6848865191916187    6.8765584753368563
3.36001    0.91214495873767709    2.3331800135307827    7.2780398065286374
3.37    1.7566863670203485    1.7670294341576662    7.6930706640656004
3.38002    1.1641358804112314    1.6555108879195739    8.1228245611765093
3.39001    1.1372732591709258    1.7769548665803925    7.0232158450269058
3.40001    1.2826984101997965    1.7246044709259472    7.4376444955236831
3.41    0.94377348717906229    1.8475409660394562    7.8656226723656406
3.42002    1.203607429700565    3.1230535629883764    8.3083587872163278
3.43001    0.89388879337647087    2.959363992150565    8.7634725383829988
3.44001    0.94288512182554163    2.9692338076081417    8.5114319109852907
3.45    1.0136921263607597    2.0298012348938599    8.323697975713193
3.46002    1.0090521427901864    2.1579735992629199    8.1490623770694395
3.47001    1.5358870213933564    2.290745943114652    6.4858772596048642
3.48001    1.5025763975965742    2.4284561609988837    5.9518938138363824
3.49    1.4698830080538525    2.5711042529156152    5.979282881735096
3.50002    1.4377212282198824    2.7190946974572525    6.3641363018940327
3.51002    1.4062639708894704    2.8716318470724955    6.5633347646264006
3.52001    1.3754239478131189    3.0291068707202382    6.9667925663401213
3.53    0.80436691060404253    3.0149204943723009    7.3105591666365539
3.54002    1.1533757276927099    2.949267262958827    7.581672676470065
3.55002    0.96198286194006943    2.8887350475758189    8.0190788998454554
3.56001    2.1010991014085612    2.8331407062253025    5.9722801558985372
3.57    1.069012640057001    3.0068222873727373    4.37268649842329
3.58002    1.040097935288145    2.9654696145674921    4.279697680319452
3.59002    1.5963665593293743    2.9450795166824943    4.5144164877402684
3.60001    1.6198461722306923    2.9132707891184397    4.8432260193273411
3.61    1.3305773188426642    3.0305766380889891    5.1855850772595948
3.62002    0.79851923462324703    2.4431698235631982    7.7979913269526975
3.63002    0.8861045102647378    2.4065035045552863    6.906117183746022
3.64001    1.0058297717475442    2.2428448129572436    6.5265925081550851
3.65    1.0837317580028296    2.3872934021523102    5.8667184815403699
3.66002    0.88350687343962941    2.3863178959187734    6.2464887993897431
3.67002    0.98607130469110438    2.5081243236547355    6.1456317344977753
3.68001    1.0181845567731087    3.6357377646893112    6.3641018783614163
3.69    1.6239027903087035    3.6214097295545611    6.7541277775798187
3.70002    1.6628508154175623    3.0204954539431514    6.828366357939772
3.71002    1.3289269569783115    3.1377690918763292    7.2534005962847203
3.72001    1.5070280174395465    4.5245093756440298    7.6919843609748488
3.73    1.061542640883641    4.6281575696495967    8.1441176520101557
3.74002    1.7907598616696869    3.1842423933083013    9.8504046796280225
3.75002    0.9636423778416584    5.2794285517366477    6.8134218229524413
3.76001    0.95827785828702328    2.643889558119759    6.4266816523859482
3.77    0.95353057298645016    2.2875583716162886    6.0534910081646363
3.78002    0.9493902238211589    2.2999334106032934    5.6928988172591595
3.79002    0.72561304922622172    1.8563526388035649    5.7130639545099395
3.80001    0.91111898926375023    2.1839754928742785    6.0828897066009215
3.81    0.94000150823097117    2.1046091496913037    6.4662649850370855
3.82003    1.4180056136922086    2.2365054308963921    6.5207451431760717
3.83002    1.4550396877962479    2.3729916810550225    6.4068278497319149
3.84001    1.1896984379571598    2.5144158052461529    6.2612477232169761
3.85001    0.83520826807749349    2.6607778034697835    5.5604252384123987
3.86003    1.6339936678692475    2.8124921648474479    5.350876308403846
3.87002    1.3423137158604899    2.9687432207695896    5.526872434390671
3.88001    0.98251600978169851    3.129932150724231    6.1515522816962234
3.89001    0.96157795597779105    3.8861102934117819    6.0766275699272416
3.90003    0.94120319742371228    3.5916451574124717    5.7574409608367025
3.91002    0.95655100436212559    3.0756082659060064    4.6291651461846248
3.92001    0.96616895264073732    3.2415933123956573    4.8411083559149839
3.93001    0.97640413517341051    3.207742786296766    5.1958100240963798
3.94003    1.0192931182221556    3.2706741547439595    5.5650721194814903
3.95002    1.1833361935563163    3.427768904774231    5.9469093619875997
3.96001    1.2140822609963184    2.7362105524850935    6.3422961308388892
3.97001    1.0221750265315726    2.8052667714537884    6.4380007339221095
3.98003    1.1789534486194209    2.8510110499000079    6.1439411131796318
3.99002    1.4152738065083457    2.9289827526253323    5.9463538675418928
4.00001    1.4562163016563716    3.0213679383790439    6.3271048465038602
4.01001    1.4977760310584582    2.6131353446623007    6.7214053518110077
4.02    1.3128064041031944    2.7480136069674224    6.9366541134570072
4.03002    1.3657855397822143    2.8993381000406888    7.3505667587478403
4.04001    1.1622031830758488    3.2348841897917571    7.7769345227997109
4.05001    1.1315389576284591    3.1157662567401019    6.2276871802513769
4.06    1.1014919664351301    3.2718244612053424    5.1445269687132766
4.07002    1.0719837180997422    3.4332611641514137    5.5486238437610602
4.08001    1.1139144170213537    3.5992084263151654    5.3688819351273827
4.09001    1.1435744347024002    2.8122412521265026    5.5325437288856687
4.1    1.0743868603919176    2.7503046065241206    5.890951406431304
4.11002    1.0963201295736273    2.2621161992139416    6.263929500424223
4.12001    1.118812504460468    4.7009335707433042    6.6494727522945718
4.13001    0.96911475666267333    4.5709011113437148    7.0485655305101016
4.14    1.2296308690921631    4.4458065259766251    6.76317520574431
4.15002    1.2485433175084515    4.3253326148590121    7.6902986207193935
4.16002    1.2680229921157991    4.2101270871904344    8.1518800839430572
4.17001    1.5958504093522263    3.7201646737149083    8.3583137884762682
4.18    1.5832651739715393    2.8641695594209868    7.5521663894744115
4.19002    0.9292520692822267    5.231662312212106    7.958277204908172
4.20002    0.90959169766924508    2.6714877984953262    8.4088520057159126
4.21001    1.3300862215275799    4.0194860599100757    8.3591080683308814
4.22    1.3397321520644199    2.9837888155760379    12.849330432279146
4.23002    1.3500238144665617    3.1477936632282764    9.1441587255153074
4.24002    1.5256958659962634    3.2151644353900988    8.6076441493496869
4.25001    1.510778293600135    3.1330865561195118    8.534265793189002
4.26    1.4964779554580694    2.8497877382998591    6.6625573570202645
4.27002    1.2891885913049745    2.8116181632524486    5.3301869719346895
4.28002    1.2823906269742822    2.7784957234388248    5.6778910636022779
4.29001    1.3210036932692233    2.3942158710970669    6.0391446816150456
4.3    1.3396038385975548    2.5378509213303224    6.4139478259729934
4.31002    1.3588738511410314    2.6868309844534872    6.8033655794111416
4.32002    1.378710128681677    2.4630354118521485    7.2053042980938047
4.33001    1.319953776901825    2.6089443396940442    7.6207925431216452
4.34    0.99619483489953697    2.75979114156844    6.3913469952439383
4.35002    1.0254703777987013    3.0061628869312789    9.1276163919663276
4.36002    1.2690409047152411    3.0026110895102689    5.3435001398895547
4.37001    1.0123805152322793    3.440115592075633    5.2348455676996544
4.38    1.2450902877358141    3.5365649333300562    4.1439604632850706
4.39002    1.2102325965333316    3.6294182655559966    3.176354672397196
4.40002    1.176086674907979    3.7269665208993938    3.4335040421976148
4.41001    1.1425579875366865    3.1142938938296285    3.7042029383432089
4.42    1.1096465344194546    2.9536911634608662    3.9884513608341887
4.43002    1.0772661032385362    2.6185196816511316    4.2870703095971017
4.44002    1.0455907823336137    2.6842698057066068    4.5984543064127941
4.45001    1.0145326956827518    2.7098632287729392    4.9233878295736666
4.46    1.0239894371997793    2.4042063370927549    5.2618708790797193
4.47003    1.2025973984766563    2.5881863332791597    5.6148706398361838
4.48002    1.2160692418492842    2.6630543080563709    5.9804892636669509
4.49001    1.2301583194759746    2.8155836686932862    6.3064963607108799
4.50001    0.83271569074783536    2.9730509033627013    6.0376964838160374
4.51003    0.76113603499456439    3.1359004344380264    6.4235221200796095
4.52002    0.66011631770336388    3.0777322898091843    4.1311261657881966
4.53001    0.76636200490070361    4.5339922047648331    4.4459895048998384
4.54001    0.75096812096901133    4.1763517837177035    4.7744023703566603
4.55003    1.0145183880431574    3.6537069914807132    5.1173048037106614
4.56002    1.0105039069297486    3.028286145202566    5.4728532434921977
4.57001    1.0071066600704019    2.7235439449900469    5.8419512096189132
4.58001    0.71918354482590441    2.8833038777827467    6.2245987020908089
4.59003    1.0672774721621792    2.851742501594015    6.6218819474383617
4.60002    1.2525396172814458    2.8893213670244724    6.5335864664829062
4.61001    0.90944933658321292    2.6885084990086101    6.5509142608707718
4.62001    1.1227077191421628    2.6345830715988607    10.575472715858631
4.63003    1.0349793969994225    2.7725244660229782    9.0261692436306884
4.64002    0.98310176710576824    3.1343945224106617    8.8913919239926695
4.65001    1.1097436297094991    3.6633521536367044    6.9235990126644023
4.66001    0.99472833489758394    2.6193143958458798    6.285154637860578
4.67    1.2482917056142    2.7805238006983402    6.6769739686977765
4.68002    1.0695515534431193    2.947125588668793    7.0834537743469275
4.69001    1.0565769633444813    3.8755141956947821    8.0939923839223535
4.70001    1.0151245664785551    4.0693583793513008    9.7399684629677381
4.71    0.94577921019582489    3.1775793526818368    10.006254962129894
4.72002    0.84362695386938902    3.3478665925553588    10.286863572676463
4.73001    0.76568385748631784    2.6643027806908228    6.7163714120839444
4.74001    0.75869079447705567    2.5049145214745501    6.6519861310852706
4.75    0.71031165320396839    2.3504641362907779    6.6011503764317609
4.76002    0.86883507497018286    2.2684640814731898    6.563781956198028
4.77001    0.90167092400933535    3.4529527775701405    6.5400817758691989
4.78001    1.4351769489058916    3.5746892313540841    5.9869211448638637
4.79    1.4622527815834818    3.6450733211901913    6.0502030516919056
4.80002    1.4510192432526343    3.5175450586193939    6.4366682150828822
4.81002    0.93900557963444031    3.3953041428079875    6.8356622807883909
4.82001    0.66762352423519999    3.2780011010290822    7.2482058728390797
4.83    1.1002333657933023    3.165635933282676    7.6742989912349477
4.84002    1.2274014192077325    2.9720006885080523    8.115144966619475
4.85002    1.7367021709348553    3.0662542340032357    8.5683736593400592
4.86001    1.7678684314193356    2.8588870806999287    13.318325437237545
4.87    1.7776129939276477    3.0156691522259069    10.62195224126228
4.88002    0.85497140338830879    2.4652317002009738    10.650022072040764
4.89002    1.3326736124765235    2.4350205770140549    9.4766360004254064
4.90001    1.4044482890741663    2.4202654335705018    8.668564925794465
4.91    1.5740350731896331    3.9553268870108882    6.8954907799227145
4.92002    1.2952289599508271    4.1025007656008263    5.4756776076926323
4.93002    0.81809618310933319    3.5760020376768527    5.8461332237167625
4.94001    1.1479402445152735    3.716458218327729    6.230138366086071
4.95    1.3110229675972662    2.5883216900448911    6.6276930348005605
4.96002    0.86003681222561856    2.7373296364628987    6.5871964736130035
4.97002    0.91716518463776808    2.8908815527344141    6.9876572506023145
4.98001    1.0069941465818932    3.0493713430384299    6.9149032004972533
4.99    1.638104815829005    2.7325229835302385    7.3249061602768846
5.00002    1.6150161037670396    2.8914878421620447    7.7496186073454023
5.01002    1.5926075242415054    3.0549699047543113    8.1867571414497462
5.02001    1.5708161789700337    4.8677743798380986    8.637445201899272
5.03    1.5496420679526244    3.952801792115479    7.9645454432132112
5.04002    1.5290306159122313    3.1257733930560687    7.1063368764858135
5.05002    1.6814607103393395    2.8220926886884894    6.9097741019661569
5.06001    1.6968693908632941    2.0653548688549064    6.7267608537916566
5.07    1.7047709170531129    2.0948435865541919    6.5572971319623132
5.08002    1.0914478880489151    2.3103733833602704    6.4009809926196528
5.09002    1.2552664396997553    2.4054637428575925    6.5089433663895822
5.10001    1.2922213674829233    3.8968965680499057    6.3934716270500775
5.11    1.0468309466104715    4.2881393221719302    6.2915494140557406
5.12002    0.87047154416435846    2.7059282988829216    7.3753415680047558
5.13002    0.84166686954264802    2.8586338806815625    6.98188706503388
5.14001    0.81347942917499805    3.0162773365127036    6.6019820884081835
5.15001    1.0460514878826257    2.9888932267349793    6.963190929587407
5.16003    0.88834123942930976    3.151297081470871    7.3726311630528167
5.17002    0.87933357983641791    3.9756521928365283    7.7945385378916976
5.18001    2.0689680726009509    4.1143754576382454    8.2299954390757577
5.19001    1.0699441100450724    4.0360825574080677    7.8667879001570684
5.20003    0.83234624258276768    2.6443230988406388    7.6824904560807701
5.21002    1.1771670520893425    2.3282674133259325    7.5122562224035709
5.22001    1.4637102130620503    2.0555421661613931    7.355571515071528
5.23001    1.4691723587763696    2.0623514884645515    5.816273502600767
5.24003    1.4752689593079518    2.0375425743480475    5.7026158871114427
5.25002    1.4819672372345813    2.7152959722686179    6.0756392522826053
5.26001    1.4892827494152721    2.6765738364840082    6.462212143798947
5.27001    1.0095278279094813    3.7284212127690575    6.1485531809629812
5.28003    1.0365125691972563    3.8983883959656151    6.6479229346220938
5.29002    1.7077405556017431    3.2547507074383124    6.5914864092860856
5.30001    1.0898671229970218    2.990227883208469    6.8915963149540183
5.31001    1.0789701272637608    3.0858874636690081    7.2990024200532453
5.32    1.456771257479611    3.1861609616717588    7.7199580514976516
5.33002    1.2759101276476195    3.3417580617555771    8.1556526922569947
5.34001    1.0499589988390428    3.1597406854061392    8.6037438980261136
5.35001    1.0596414883784766    3.214053327122536    7.404089330824621
5.36    1.030175902273077    3.2733038428714241    7.2973735664086661
5.37002    1.0376041240770395    3.1719386340884776    7.2039745164400859
5.38001    1.2536460553931703    2.851094235376507    7.1243943263488205
5.39001    1.2902908386579599    2.7473200557728439    5.9250411353215355
5.4    1.0501580606006118    4.6832404134723973    4.7572149420138619
5.41002    0.7675842379769412    3.8673383095157168    5.0885008666744094
5.42001    1.0130414667078174    2.9138784034751435    5.4324640249363982
5.43001    1.1797145858039335    2.8521885361239367    5.7899767095435672
5.44    1.633451824794582    3.0127222199543557    6.1610389204959155
5.45002    1.3045697213934635    2.6071005779507517    6.5467056571500155
5.46001    1.7185837742414498    2.7489465541146356    6.9449034424270772
5.47001    1.226386618276746    2.8993340063411939    7.35665075404932
5.48    1.1501989693178871    3.0546593326002514    7.4591226560627115
5.49002    1.119935375884908    3.2176801548200773    7.8938449519448861
5.50002    1.1521521703221771    3.7359951955079782    5.9154039478923881
5.51001    1.0452954125715292    3.9167694659612935    6.295056556133483
5.52    1.0115942501374007    3.3569950150683425    6.6882586907197572
5.53002    1.4389068753394529    3.2201124052881984    6.2566406855226049
5.54002    1.4308959449502487    3.088542288362095    6.1117334219609436
5.55001    1.7999475468239963    2.9619100454684908    5.9925332783969258
5.56    1.8434632983262351    2.8402156766073872    6.3902728846590495
5.57002    1.8877160750117405    2.72315114699982    8.6973902096385771
5.58002    1.9324679587262892    2.611345835837227    8.9627093123048969
5.59001    1.9778370766948983    2.6370568466474578    9.2415779413165389
5.6    1.1634105797992205    2.7832741982821227    9.5339960966734338
5.61002    1.011101437407776    2.9348435231878329    9.8408067991455663
5.62002    1.0363473346992809    3.0909499325210081    7.9906480002904887
5.63001    0.94512496130149537    2.8086519421864655    8.0023606389099804
5.64    1.2455640322040804    2.9590281472614834    7.2722537677350942
5.65002    1.2822651554426754    4.1902546031096    5.6764821735039401
5.66002    1.1411207930155896    3.0029643598231148    7.1255055343472646
5.67001    1.1005798766647295    3.1677071749756869    6.614055490925022
5.68    1.1219811402345974    3.9568720900557253    5.7863167423255195
5.69002    0.97166469612753226    2.544075283410713    5.9356529747006395
5.70002    1.0065780402358635    3.3772658929080617    6.328668472872482
5.71001    0.90002651681541956    3.2829627802564452    5.7864401890911905
5.72    1.3282836569353293    2.5753285022403962    5.5825941549463947
5.73002    1.309458532698899    3.0850145324009866    6.2609472986621579
5.74002    1.3590132007530247    2.9398755205124916    6.3129961433764645
5.75001    1.2737628610377718    6.6187253269003339    6.6980481657269655
5.76    1.2568408765883019    4.6799501341554066    7.0966497144226448
5.77002    1.2404930123734437    4.5247119844063688    7.5099300188409472
5.78002    1.2248071601362875    4.3748356703607509    7.8671813401183348
5.79001    1.4254205188532789    4.2298972303476337    8.1202169955645722
5.8    1.201111830949765    4.0392390384862198    7.2034271929259388
5.81003    1.2339329829251156    3.4568814909282457    6.8860828293265302
5.82002    1.1718478410851056    3.3488957035072051    6.8563432445935
5.83001    0.72219540584153052    3.2458477901186664    6.8401531862056322
5.84001    1.1661672733316288    2.6988770196765062    6.6020822395488752
5.85003    1.0221021982786038    2.6862570854446983    6.5185137887581028
5.86002    0.97814242631796122    2.6786156046165259    6.5340576793771739
5.87001    0.89118593682073621    3.1156041443217291    6.5835681297032638
5.88001    0.77871352675862604    3.0928659653509651    6.6466281063745161
5.89003    0.96514668909044443    3.3256208381638226    6.336647725048965
5.90002    0.95621769859692007    2.2926812810204362    6.6745219045541608
5.91001    0.94790594235745729    2.4380331529337163    6.1163836219557357
5.92001    1.1712597426034697    2.5069427236049044    6.1600414635567162
5.93003    1.1839461685951906    2.6565497408840666    6.544624019845787
5.94002    0.93750571818172612    2.810699117611196    6.9417405392211693
5.95001    0.98681324180945396    4.9899939964825988    7.3524065849417308
5.96001    1.1260283944504854    4.9455362766127671    7.7766221570074725
5.97003    1.0716631951003917    4.2127778632120645    7.2845642121402721
5.98002    0.86672373764246124    3.4770117734141541    7.3191669325718838
5.99001    0.81841987210924105    3.375794831043855    7.7426499234009025
6.00001    1.846273111713445    3.2795157627060996    8.1796824405751014
6.01    1.8284703356220757    2.7664663341000741    7.6668113738431876
6.02002    1.8112393056638572    2.6776420462926729    7.5544915667022465
6.03001    1.7946726617848017    2.2294477648856774    7.456041481689085
6.04001    1.7787232521598084    2.2428691028822998    7.2981901273216376
6.05    1.7633910767888781    2.2612283149114165    7.2306847331290287
6.06002    1.5719317739675533    2.2845948691075137    7.1766017417132399
6.07001    1.3754031667299633    2.4053368274349403    7.1362319218453161
6.08001    1.4089783576178119    2.5493956438115748    7.1094116283225564
6.09    1.1494165132968084    2.5414162264251092    7.5159225968744732
6.10002    1.1269515229814888    2.6932951140230785    7.3495917740931187
6.11001    1.1744358583996954    2.7488739071431803    7.7716973820888242
6.12001    1.2119157421588829    2.5489428778190177    8.216447479367142
6.13    1.5431272715020405    2.6092176386201156    8.2211999256463564
6.14002    1.5353640792432071    3.0947133959438866    8.0407041426812658
6.15002    1.4641783742590677    3.0873381870105399    8.4840272946905682
6.16001    1.571036990273708    2.8628067898792184    8.1469196695700195
6.17    1.3878063346641742    2.7253538734405724    8.0174225468061646
6.18002    1.5666475573344396    2.65567736399057    7.9011807332111186
6.19002    1.5591443665005349    2.5911326858345731    7.2684182334002072
6.20001    1.2381041241459148    2.5315258817110675    7.207778284940809
6.21    1.2032927953109418    2.5866252733840041    6.1191181977095424
6.22002    1.3363204557778494    2.263305850061581    5.2727055836529262
6.23002    1.1354321708308113    3.9500590082979037    5.620971962722261
6.24001    1.2557539493764815    2.5413162537919387    6.6341162242954503
6.25    1.2749195114916927    2.6877282667058671    6.3581532998964718
6.26002    0.86285843091536063    2.8394927775843164    6.7481348563358345
6.27002    0.83550160588186506    2.995793848196755    7.1506358624202431
6.28001    1.7753737164578367    3.157032792841695    5.9205196327345018
6.29    0.87688776559511772    4.7004354492396381    6.1235318889522956
6.30002    1.1668764428076248    3.8282291776249404    4.2465849795527513
6.31002    1.0329587148184125    3.9473953461418851    4.6695785629229558
6.32001    1.0293795185178332    2.7979450105927981    4.9216831631109059
6.33    1.0264175564713161    2.5455066899492689    5.2540511645498507
6.34002    1.1595971844012798    2.2512054191138344    5.6264568464218199
6.35002    0.89068652418461358    2.3940027717828536    6.0114292249134795
6.36001    0.92212308993682823    2.5417379984843724    4.919967906356395
6.37    0.95417688994310323    2.6944110992183914    4.7038691082198136
6.38002    1.2062470881849203    2.6876848313676072    5.0468291532115801
6.39002    1.3729745152114294    2.8387937369662648    5.4024350497608857
6.40001    1.1827744317120259    2.9948405165974226    5.7715904726553724
6.41    1.1669765672408303    3.1558251702610804    6.1542954218950383
6.42002    1.1138462237911542    2.846305979577842    6.5516362788803546
6.43002    0.94576390855116821    3.0020624013797019    6.9614768024447349
6.44001    0.88553086598423481    2.6936809195619884    6.8699640108019899
6.45    0.85691645205648204    2.8505630892811262    5.9825688112961393
6.46003    0.9612610138559281    3.0128259784116977    3.6020372815651922
6.47002    0.87997671421052959    4.9049457210254586    3.7249614935960627
6.48001    0.64021263672901274    3.1060014355102878    4.0175403522488864
6.49001    0.78401693888990842    2.7056842870006861    4.3236687372468889
6.50003    0.76810465194738053    2.2534457543858415    4.472227148688825
6.51002    0.78062976197504941    2.2402365818617471    4.7938985340205242
6.52001    1.037221001575533    2.2729979821528286    5.0094237521971365
6.53001    1.0186836361230975    2.4071342956709727    5.3154108966856635
6.54003    1.000716036778581    2.5465900190151047    5.4724541664200181
6.55002    0.83774435904593969    2.69061539023176    5.8359481775549034
6.56001    0.94062696134366952    2.8395786354809154    6.2129917150349687
6.57001    0.97474066501017675    2.5398597490396075    5.2698690769560397
6.58003    1.0095660514129539    2.6758294776632825    5.6456523734521369
6.59002    1.361375751573076    2.8281986054393027    5.2253872174877536
6.60001    1.3982132923841066    3.4382521366118612    5.5974040272793806
6.61001    1.2105704468166094    3.5072141670777381    5.9829703634161886
6.62003    1.1791749303365198    4.8342997172581974    6.1028727871496828
6.63002    1.5800514069974767    3.8911152666341366    4.4797492225806046
6.64001    1.5564729751919322    3.1653888430645889    4.3536732333587906
6.65001    1.5335117776404501    3.4012158492454243    3.752017736271315
6.66    1.5111678143430305    3.3219708830356285    3.5521590576664575
6.67002    1.4893833567819801    3.2474701749544312    3.4728760704777804
6.68001    1.1073332443985644    2.8058582292936567    3.6626827426630038
6.69001    0.90778804860326512    2.7851902931582369    3.8572201379079871
6.7    0.89208873118482401    2.7694602310553105    4.1153661088909583
6.71002    0.91601174544488839    2.7586456262834296    4.3878122491337272
6.72001    0.94048851663299127    2.7647442636113109    5.9739540281875012
6.73001    0.90901625405714759    2.5539547994264762    4.1067473134714092
6.74    1.2600683594058915    2.7055796203561107    4.3981240969324746
6.75002    1.2498753093311594    2.8625709899457248    4.7038906205764457
6.76001    1.0747217764033798    3.0240848685738695    5.0224029783622255
6.77001    1.0508312231767754    3.1742940459542628    5.3544648624931845
6.78    0.86769784374398207    4.8667085932235619    4.1197471336266887
6.79002    1.0165377114697847    3.1683690633567902    6.1856214069651383
6.80002    1.5211668387788639    3.0568883155709607    5.8240672623942951
6.81001    0.99556510179263102    2.2157819764440707    5.2808452623983051
6.82    0.81979472023243982    2.9326614684192087    5.4941225903163229
6.83002    0.84496809159858344    2.8912398117823273    5.8724123235315124
6.84002    0.81201893998852026    2.854874032534044    6.2632529360240712
6.85001    1.5554625576207461    2.8234461273182565    5.4615297804495153
6.86    1.2433775302505634    2.796956096134966    5.8166855053964337
6.87002    1.0017472848591209    2.775352519670649    6.2044361021039638
6.88002    1.0409839564919763    2.7587515461858612    6.5871604092155387
6.89001    1.0890273850217851    2.5418094959276329    6.9834342426722902
6.9    1.1836487598977603    2.6923917007101541    8.0117318749544921
6.91002    1.1066243057730192    2.937933101353901    7.3622473422144772
6.92002    1.31220536144969    3.1083245536386519    7.7907763318499459
6.93001    1.1910321968511874    3.830865789826313    8.2328548478305947
6.94    1.1887261050635913    3.8477679021982127    7.1550751855921906
6.95002    1.1870335294477004    3.2915046614928598    6.6206511819503211
6.96002    1.1859635698724167    3.2502946990188009    5.7196368516510931
6.97001    1.2100137144422449    3.1417194984173213    5.6828361012299009
6.98    1.1945778112074332    3.0867558985304044    4.5219262460987402
6.99002    1.1864600378897121    3.0366020051988212    6.121155153672043
7.00002    1.187860679034864    3.1023069428690153    5.2312776880652621
7.01001    1.1671074522138878    2.6762539162482253    5.6058186030968162
7.02    1.1437348253887893    2.8519999204198716    5.9939090444735506
7.03002    1.1209189316220878    2.6848192993599129    6.3966499097472482
7.04002    1.0987824370093036    2.8442081360847666    6.811875925448696
7.05001    1.1697727789141212    2.931795409045451    6.1480686442130024
7.06    1.15304213520083    2.8346074780956414    6.5110658808400439
7.07002    1.0360225168007926    2.8472740143928021    6.8886459046935666
7.08002    1.0163566229084469    3.0669196014717346    7.2787787156453243
7.09001    0.99730796327016391    4.4426318980449659    8.5398272090989362
7.1    0.98603696858700873    4.5289469313461366    8.9633853553694269
7.11002    1.0391371837931924    4.6204524761438606    9.4016895258196129
7.12002    1.4812597953746331    4.7166565671435272    9.8523832464148171
7.13001    1.488630322233464    4.8177985321757344    10.316626493355201
7.14001    1.4966180833463565    3.6260130261676289    7.7276818219365389
7.15003    1.5052471068651867    3.5433919059056724    7.7762133198534507
7.16002    0.99510084626743578    3.465937414278613    7.8381821439167974
7.17001    0.89449547857771672    2.4238963015485786    7.9137004943253233
7.18001    0.88015965022130815    2.961328499789849    5.2950433563091099
7.19003    1.0037303461100562    2.6923669589241244    5.6494714105762611
7.20002    1.0223077834501288    2.7076978107032788    6.0165144884190278
7.21001    0.83270111634892796    2.7279665365149266    6.3971070926069755
7.22001    0.7225791664172041    2.753173136359071    6.7912492231401034
7.23003    0.7363633294147901    2.8087352184470054    7.2000580894008035
7.24002    0.81106868229126516    2.9167594961890937    7.6213357942586448
7.25001    0.78748052201226271    3.0256655279794189    8.0561630254616663
7.26001    1.0416038797147766    3.4191581257138877    8.5045397830098679
7.27003    0.80771742517570666    3.6056147327044217    4.831410925595593
7.28002    0.91291140882159627    3.2557640745509095    7.9720708177077837
7.29001    0.76799126337340273    2.4869096633180447    7.84085578658524
7.30001    1.3190655583335227    2.5368851892181947    6.7958979098346761
7.31    1.3595314484122984    3.98181473892814    6.7070218372335875
7.32002    1.4007261430236033    2.2132277966762102    6.511781715247051
7.33001    0.99561101706509048    3.1245875053653749    6.1999941718318636
7.34001    0.9351742879312307    2.4027036844467937    6.3670184609771932
7.35    1.1399592597871906    2.5458390479290856    6.7725890493329679
7.36002    1.1787725826886439    2.6963815901141963    6.8026260745349836
7.37001    1.1592022589949804    3.5634273046190668    4.5920533268981991
7.38001    1.0891714134944042    4.2899134527123204    4.5750825841893379
7.39    0.99108256001274131    4.1544705731326621    4.1762161970348588
7.40002    1.006268974059608    2.9538643023200932    4.4975240847478499
7.41001    1.0220326305189573    2.9939058648772399    4.3081617625516113
7.42001    1.0384135212323691    2.9293109091408436    4.6527157393725478
7.43    0.85087214263535382    3.2373538447489816    4.5492765648832503
7.44002    0.93741327265537311    3.6091501154589509    4.8119751421633303
7.45001    0.90109361682691036    3.7979925507468888    4.8657629063339147
7.46001    0.81186080038488462    2.9628551769019356    5.2195327051157037
7.47    0.8826367133166384    2.6286223344136159    5.5868520302426719
7.48002    1.1749199331756752    3.0733636913662354    4.3578124243353251
7.49002    2.1327334799601316    3.2414517995446217    5.3802515923779124
7.50001    2.0854568593892338    2.9954653294260205    5.4572324539798451
7.51    2.0387974730723961    3.1286038005735981    5.0558810609133582
7.52002    1.9926320522681535    3.0080542183008241    4.3882250203250583
7.53002    0.87240523442607787    2.4200875698197266    4.111294163267841
7.54001    0.84468181561664324    2.563172183924221    3.8025051738750588
7.55    0.91183924915280223    2.4587063579125199    4.3565336169693119
7.56002    0.92200736052820575    2.6033251014206202    4.3007317747563141
7.57002    0.9327662043770355    2.7524996137147828    4.4838603822190457
7.58001    0.94414228247992671    2.9066120000414446    3.9160305889427298
7.59    1.2462008700943656    3.0759521350613541    3.8758363117236554
7.60002    1.2426129899798826    3.1092016409578105    8.338852267328754
7.61002    1.2396528208105735    3.143388729196479    7.0688760070027081
7.62001    1.2373098858953264    3.1844751108414284    6.544897545239448
7.63    1.5603939069525248    3.2304993665188735    6.1323284463111616
7.64002    1.5367879811009457    3.2816055332140914    5.7322516593113617
7.65002    1.4611525675436012    3.337518846590013    5.3468181347077888
7.66001    1.3906827929128105    2.4752037625975798    4.974934136449396
7.67    1.3748724474155622    2.3750979481979368    5.0085321593988468
7.68002    1.3596392184843333    2.436847111771467    4.8742175024947407
7.69002    1.3450650051993991    2.5717237374846533    4.5468858118108688
7.70001    1.3311080261685271    2.7405043567488323    4.521252132769197
7.71    1.1786129439590998    2.8756495075077364    4.5035506462980424
7.72002    1.7702027163465264    3.0354554442362045    3.8590672765874015
7.73002    1.1179107260992283    3.12734107492517    4.1765006687231629
7.74001    1.0856434791086973    2.8113820218433712    4.5074835872041037
7.75    1.053993466372227    2.6787697286754399    4.8486496708398077
7.76002    1.0228778756809129    3.5472042457579458    4.7157537548102502
7.77002    1.0387688328298916    3.7226580463681396    5.0397250749270723
7.78001    1.02939387368433    3.9030497210108335    5.3772459213890729
7.79    1.0206361487928299    4.0883792696860279    5.7283162941962535
7.80003    1.0124745502263932    2.8881621571198117    6.093937306348999
7.81002    1.2575145263578438    2.6866556619836803    6.472143253480894
7.82001    0.84958028084746162    2.6046435058438937    6.8638987269579692
7.83001    0.84949125876264275    2.5275692237365988    7.1381261247557033
7.84003    1.3662976172419961    3.6537427388040378    7.5518830794818248
7.85002    1.3832250696828754    2.6289692784233281    7.9780955714920072
7.86001    1.349270251996985    2.7800367608973309    6.858246707721249
7.87001    1.3159326685651547    2.9360421174038338    7.0927108568431247
7.88003    1.2831249584704072    2.4769738811292425    7.5066094889446848
7.89002    1.2510235072508868    2.6284533400910677    7.932963277477147
7.90001    1.2195392902854265    2.7848706730853929    7.5208695598078981
7.91001    1.1886723075740269    3.9556818162322376    7.2261306838952786
7.92003    1.1583418575008433    4.0604901337658976    7.178065058502697
7.93002    1.1287110070017534    3.6964663481413269    7.0282033713994885
7.94001    1.1055199897820291    3.4424321342172175    6.8918912106414014
7.95001    1.1480323693254222    3.3618839875694597    6.7529699210552971
7.96003    1.5840753446728291    2.3571260519439265    6.0839996529907596
7.97002    1.1061214598891747    2.2421254717386394    5.7685433328095614
7.98001    1.2223713341666853    2.3859094548099851    6.1479369235372836
7.99001    1.0940499353424209    2.5346313119138313    6.540880040610185
8    1.0889400244501364    2.5223004577238699    6.9473726840282666






















